
501e58000: 00000000 00000000 00000000 00000001
501e58010: 00000001 00000000 00000000 00000000
501e58020: 00000000 00000000 00000000 00000000
501e58030: 00000000 00000000 00000000 00000000
501e58040: 00000000 00000000 00000000 00000000
501e58050: 00000000 00000000 00000000 00000000
501e58060: 00000000 00000000 00000000 00000000
501e58070: 00000000 00000000 00000000 00000000
501e58080: 00000000 00000000 00000000 00000000
501e58090: 00000000 00000000 00000000 00000000
501e580a0: 00000000 00000000 00000000 00000000
501e580b0: 00000000 00000000 00000000 00000000
501e580c0: 00000000 00000000 00000000 00000000
501e580d0: 00000000 00000000 00000000 00000000
501e580e0: 00000000 00000000 00000000 00000000
501e580f0: 00000000 00000000 00000000 00000000
501e58100: 00000000 00000000 00000000 00000000
501e58110: 00000000 00000000 00000000 00000000
501e58120: 00000000 00000000 00000000 00000000
501e58130: 00000000 00000000 00000000 00000000
501e58140: 00000000 00000000 00000000 00000000
501e58150: 00000000 00000000 00000000 00000000
501e58160: 00000000 00000000 00000000 00000000
501e58170: 00000000 00000000 00000000 00000000
501e58180: 00000000 00000000 00000000 00000000
501e58190: 00000000 00000000 00000000 00000000
501e581a0: 00000000 00000000 00000000 00000000
501e581b0: 00000000 00000000 00000000 00000000
501e581c0: 00000000 00000000 00000000 00000000
501e581d0: 00000000 00000000 00000000 00000000
501e581e0: 00000000 00000000 00000000 00000000
501e581f0: 00000000 00000000 00000000 00000000
501e58200: 00000000 00000000 00000000 00000000
501e58210: 00000000 00000000 00000000 00000000
501e58220: 00000000 00000000 00000000 00000000
501e58230: 00000000 00000000 00000000 00000000
501e58240: 00000000 00000000 00000000 00000000
501e58250: 00000000 00000000 00000000 00000000
501e58260: 00000000 00000000 00000000 00000000
501e58270: 00000000 00000000 00000000 00000000
501e58280: 00000000 00000000 00000000 00000000
501e58290: 00000000 00000000 00000000 00000000
501e582a0: 00000000 00000000 00000000 00000000
501e582b0: 00000000 00000000 00000000 00000000
501e582c0: 00000000 00000000 00000000 00000000
501e582d0: 00000000 00000000 00000000 00000000
501e582e0: 00000000 00000000 00000000 00000000
501e582f0: 00000000 00000000 00000000 00000000
501e58300: 00000000 00000000 00000000 00000000
501e58310: 00000000 00000000 00000000 00000000
501e58320: 00000000 00000000 00000000 00000000
501e58330: 00000000 00000000 00000000 00000000
501e58340: 00000000 00000000 00000000 00000000
501e58350: 00000000 00000000 00000000 00000000
501e58360: 00000000 00000000 00000000 00000000
501e58370: 00000000 00000000 00000000 00000000
501e58380: 00000000 00000000 00000000 00000000
501e58390: 00000000 00000000 00000000 00000000
501e583a0: 00000000 00000000 00000000 00000000
501e583b0: 00000000 00000000 00000000 00000000
501e583c0: 00000000 00000000 00000000 00000000
501e583d0: 00000000 00000000 00000000 00000000
501e583e0: 00000000 00000000 00000000 00000000
501e583f0: 00000000 00000000 00000000 00000000
501e58400: 00000000 00000000 00000000 00000000
501e58410: 00000000 00000000 00000000 00000000
501e58420: 00000000 00000000 00000000 00000000
501e58430: 00000000 00000000 00000000 00000000
501e58440: 00000000 00000000 00000000 00000000
501e58450: 00000000 00000000 00000000 00000000
501e58460: 00000000 00000000 00000000 00000000
501e58470: 00000000 00000000 00000000 00000000
501e58480: 00000000 00000000 00000000 00000000
501e58490: 00000000 00000000 00000000 00000000
501e584a0: 00000000 00000000 00000000 00000000
501e584b0: 00000000 00000000 00000000 00000000
501e584c0: 00000000 00000000 00000000 00000000
501e584d0: 00000000 00000000 00000000 00000000
501e584e0: 00000000 00000000 00000000 00000000
501e584f0: 00000000 00000000 00000000 00000000
501e58500: 00000000 00000000 00000000 00000000
501e58510: 00000000 00000000 00000000 00000000
501e58520: 00000000 00000000 00000000 00000000
501e58530: 00000000 00000000 00000000 00000000
501e58540: 00000000 00000000 00000000 00000000
501e58550: 00000000 00000000 00000000 00000000
501e58560: 00000000 00000000 00000000 00000000
501e58570: 00000000 00000000 00000000 00000000
501e58580: 00000000 00000000 00000000 00000000
501e58590: 00000000 00000000 00000000 00000000
501e585a0: 00000000 00000000 00000000 00000000
501e585b0: 00000000 00000000 00000000 00000000
501e585c0: 00000000 00000000 00000000 00000000
501e585d0: 00000000 00000000 00000000 00000000
501e585e0: 00000000 00000000 00000000 00000000
501e585f0: 00000000 00000000 00000000 00000000
501e58600: 00000000 00000000 00000000 00000000
501e58610: 00000000 00000000 00000000 00000000
501e58620: 00000000 00000000 00000000 00000000
501e58630: 00000000 00000000 00000000 00000000
501e58640: 00000000 00000000 00000000 00000000
501e58650: 00000000 00000000 00000000 00000000
501e58660: 00000000 00000000 00000000 00000000
501e58670: 00000000 00000000 00000000 00000000
501e58680: 00000000 00000000 00000000 00000000
501e58690: 00000000 00000000 00000000 00000000
501e586a0: 00000000 00000000 00000000 00000000
501e586b0: 00000000 00000000 00000000 00000000
501e586c0: 00000000 00000000 00000000 00000000
501e586d0: 00000000 00000000 00000000 00000000
501e586e0: 00000000 00000000 00000000 00000000
501e586f0: 00000000 00000000 00000000 00000000
501e58700: 00000000 00000000 00000000 00000000
501e58710: 00000000 00000000 00000000 00000000
501e58720: 00000000 00000000 00000000 00000000
501e58730: 00000000 00000000 00000000 00000000
501e58740: 00000000 00000000 00000000 00000000
501e58750: 00000000 00000000 00000000 00000000
501e58760: 00000000 00000000 00000000 00000000
501e58770: 00000000 00000000 00000000 00000000
501e58780: 00000000 00000000 00000000 00000000
501e58790: 00000000 00000000 00000000 00000000
501e587a0: 00000000 00000000 00000000 00000000
501e587b0: 00000000 00000000 00000000 00000000
501e587c0: 00000000 00000000 00000000 00000000
501e587d0: 00000000 00000000 00000000 00000000
501e587e0: 00000000 00000000 00000000 00000000
501e587f0: 00000000 00000000 00000000 00000000
501e58800: 00000000 00000000 00000000 00000000
501e58810: 00000000 00000000 00000000 00000000
501e58820: 00000000 00000000 00000000 00000000
501e58830: 00000000 00000000 00000000 00000000
501e58840: 00000000 00000000 00000000 00000000
501e58850: 00000000 00000000 00000000 00000000
501e58860: 00000000 00000000 00000000 00000000
501e58870: 00000000 00000000 00000000 00000000
501e58880: 00000000 00000000 00000000 00000000
501e58890: 00000000 00000000 00000000 00000000
501e588a0: 00000000 00000000 00000000 00000000
501e588b0: 00000000 00000000 00000000 00000000
501e588c0: 00000000 00000000 00000000 00000000
501e588d0: 00000000 00000000 00000000 00000000
501e588e0: 00000000 00000000 00000000 00000000
501e588f0: 00000000 00000000 00000000 00000000
501e58900: 00000000 00000000 00000000 00000000
501e58910: 00000000 00000000 00000000 00000000
501e58920: 00000000 00000000 00000000 00000000
501e58930: 00000000 00000000 00000000 00000000
501e58940: 00000000 00000000 00000000 00000000
501e58950: 00000000 00000000 00000000 00000000
501e58960: 00000000 00000000 00000000 00000000
501e58970: 00000000 00000000 00000000 00000000
501e58980: 00000000 00000000 00000000 00000000
501e58990: 00000000 00000000 00000000 00000000
501e589a0: 00000000 00000000 00000000 00000000
501e589b0: 00000000 00000000 00000000 00000000
501e589c0: 00000000 00000000 00000000 00000000
501e589d0: 00000000 00000000 00000000 00000000
501e589e0: 00000000 00000000 00000000 00000000
501e589f0: 00000000 00000000 00000000 00000000
501e58a00: 00000000 00000000 00000000 00000000
501e58a10: 00000000 00000000 00000000 00000000
501e58a20: 00000000 00000000 00000000 00000000
501e58a30: 00000000 00000000 00000000 00000000
501e58a40: 00000000 00000000 00000000 00000000
501e58a50: 00000000 00000000 00000000 00000000
501e58a60: 00000000 00000000 00000000 00000000
501e58a70: 00000000 00000000 00000000 00000000
501e58a80: 00000000 00000000 00000000 00000000
501e58a90: 00000000 00000000 00000000 00000000
501e58aa0: 00000000 00000000 00000000 00000000
501e58ab0: 00000000 00000000 00000000 00000000
501e58ac0: 00000000 00000000 00000000 00000000
501e58ad0: 00000000 00000000 00000000 00000000
501e58ae0: 00000000 00000000 00000000 00000000
501e58af0: 00000000 00000000 00000000 00000000
501e58b00: 00000000 00000000 00000000 00000000
501e58b10: 00000000 00000000 00000000 00000000
501e58b20: 00000000 00000000 00000000 00000000
501e58b30: 00000000 00000000 00000000 00000000
501e58b40: 00000000 00000000 00000000 00000000
501e58b50: 00000000 00000000 00000000 00000000
501e58b60: 00000000 00000000 00000000 00000000
501e58b70: 00000000 00000000 00000000 00000000
501e58b80: 00000000 00000000 00000000 00000000
501e58b90: 00000000 00000000 00000000 00000000
501e58ba0: 00000000 00000000 00000000 00000000
501e58bb0: 00000000 00000000 00000000 00000000
501e58bc0: 00000000 00000000 00000000 00000000
501e58bd0: 00000000 00000000 00000000 00000000
501e58be0: 00000000 00000000 00000000 00000000
501e58bf0: 00000000 00000000 00000000 00000000
501e58c00: 00000000 00000000 00000000 00000000
501e58c10: 00000000 00000000 00000000 00000000
501e58c20: 00000000 00000000 00000000 00000000
501e58c30: 00000000 00000000 00000000 00000000
501e58c40: 00000000 00000000 00000000 00000000
501e58c50: 00000000 00000000 00000000 00000000
501e58c60: 00000000 00000000 00000000 00000000
501e58c70: 00000000 00000000 00000000 00000000
501e58c80: 00000000 00000000 00000000 00000000
501e58c90: 00000000 00000000 00000000 00000000
501e58ca0: 00000000 00000000 00000000 00000000
501e58cb0: 00000000 00000000 00000000 00000000
501e58cc0: 00000000 00000000 00000000 00000000
501e58cd0: 00000000 00000000 00000000 00000000
501e58ce0: 00000000 00000000 00000000 00000000
501e58cf0: 00000000 00000000 00000000 00000000
501e58d00: 00000000 00000000 00000000 00000000
501e58d10: 00000000 00000000 00000000 00000000
501e58d20: 00000000 00000000 00000000 00000000
501e58d30: 00000000 00000000 00000000 00000000
501e58d40: 00000000 00000000 00000000 00000000
501e58d50: 00000000 00000000 00000000 00000000
501e58d60: 00000000 00000000 00000000 00000000
501e58d70: 00000000 00000000 00000000 00000000
501e58d80: 00000000 00000000 00000000 00000000
501e58d90: 00000000 00000000 00000000 00000000
501e58da0: 00000000 00000000 00000000 00000000
501e58db0: 00000000 00000000 00000000 00000000
501e58dc0: 00000000 00000000 00000000 00000000
501e58dd0: 00000000 00000000 00000000 00000000
501e58de0: 00000000 00000000 00000000 00000000
501e58df0: 00000000 00000000 00000000 00000000
501e58e00: 00000000 00000000 00000000 00000000
501e58e10: 00000000 00000000 00000000 00000000
501e58e20: 00000000 00000000 00000000 00000000
501e58e30: 00000000 00000000 00000000 00000000
501e58e40: 00000000 00000000 00000000 00000000
501e58e50: 00000000 00000000 00000000 00000000
501e58e60: 00000000 00000000 00000000 00000000
501e58e70: 00000000 00000000 00000000 00000000
501e58e80: 00000000 00000000 00000000 00000000
501e58e90: 00000000 00000000 00000000 00000000
501e58ea0: 00000000 00000000 00000000 00000000
501e58eb0: 00000000 00000000 00000000 00000000
501e58ec0: 00000000 00000000 00000000 00000000
501e58ed0: 00000000 00000000 00000000 00000000
501e58ee0: 00000000 00000000 00000000 00000000
501e58ef0: 00000000 00000000 00000000 00000000
501e58f00: 00000000 00000000 00000000 00000000
501e58f10: 00000000 00000000 00000000 00000000
501e58f20: 00000000 00000000 00000000 00000000
501e58f30: 00000000 00000000 00000000 00000000
501e58f40: 00000000 00000000 00000000 00000000
501e58f50: 00000000 00000000 00000000 00000000
501e58f60: 00000000 00000000 00000000 00000000
501e58f70: 00000000 00000000 00000000 00000000
501e58f80: 00000000 00000000 00000000 00000000
501e58f90: 00000000 00000000 00000000 00000000
501e58fa0: 00000000 00000000 00000000 00000000
501e58fb0: 00000000 00000000 00000000 00000000
501e58fc0: 00000000 00000000 00000000 00000000
501e58fd0: 00000000 00000000 00000000 00000000
501e58fe0: 00000000 00000000 00000000 00000000
501e58ff0: 00000000 00000000 00000000 00000000
501e59000: 00000000 00000000 00000000 00000000
501e59010: 00000000 00000000 00000000 00000000
501e59020: 00000000 00000000 00000000 00000000
501e59030: 00000000 00000000 00000000 00000000
501e59040: 00000000 00000000 00000000 00000000
501e59050: 00000000 00000000 00000000 00000000
501e59060: 00000000 00000000 00000000 00000000
501e59070: 00000000 00000000 00000000 00000000
501e59080: 00000000 00000000 00000000 00000000
501e59090: 00000000 00000000 00000000 00000000
501e590a0: 00000000 00000000 00000000 00000000
501e590b0: 00000000 00000000 00000000 00000000
501e590c0: 00000000 00000000 00000000 00000000
501e590d0: 00000000 00000000 00000000 00000000
501e590e0: 00000000 00000000 00000000 00000000
501e590f0: 00000000 00000000 00000000 00000000
501e59100: 00000000 00000000 00000000 00000000
501e59110: 00000000 00000000 00000000 00000000
501e59120: 00000000 00000000 00000000 00000000
501e59130: 00000000 00000000 00000000 00000000
501e59140: 00000000 00000000 00000000 00000000
501e59150: 00000000 00000000 00000000 00000000
501e59160: 00000000 00000000 00000000 00000000
501e59170: 00000000 00000000 00000000 00000000
501e59180: 00000000 00000000 00000000 00000000
501e59190: 00000000 00000000 00000000 00000000
501e591a0: 00000000 00000000 00000000 00000000
501e591b0: 00000000 00000000 00000000 00000000
501e591c0: 00000000 00000000 00000000 00000000
501e591d0: 00000000 00000000 00000000 00000000
501e591e0: 00000000 00000000 00000000 00000000
501e591f0: 00000000 00000000 00000000 00000000
501e59200: 00000000 00000000 00000000 00000000
501e59210: 00000000 00000000 00000000 00000000
501e59220: 00000000 00000000 00000000 00000000
501e59230: 00000000 00000000 00000000 00000000
501e59240: 00000000 00000000 00000000 00000000
501e59250: 00000000 00000000 00000000 00000000
501e59260: 00000000 00000000 00000000 00000000
501e59270: 00000000 00000000 00000000 00000000
501e59280: 00000000 00000000 00000000 00000000
501e59290: 00000000 00000000 00000000 00000000
501e592a0: 00000000 00000000 00000000 00000000
501e592b0: 00000000 00000000 00000000 00000000
501e592c0: 00000000 00000000 00000000 00000000
501e592d0: 00000000 00000000 00000000 00000000
501e592e0: 00000000 00000000 00000000 00000000
501e592f0: 00000000 00000000 00000000 00000000
501e59300: 00000000 00000000 00000000 00000000
501e59310: 00000000 00000000 00000000 00000000
501e59320: 00000000 00000000 00000000 00000000
501e59330: 00000000 00000000 00000000 00000000
501e59340: 00000000 00000000 00000000 00000000
501e59350: 00000000 00000000 00000000 00000000
501e59360: 00000000 00000000 00000000 00000000
501e59370: 00000000 00000000 00000000 00000000
501e59380: 00000000 00000000 00000000 00000000
501e59390: 00000000 00000000 00000000 00000000
501e593a0: 00000000 00000000 00000000 00000000
501e593b0: 00000000 00000000 00000000 00000000
501e593c0: 00000000 00000000 00000000 00000000
501e593d0: 00000000 00000000 00000000 00000000
501e593e0: 00000000 00000000 00000000 00000000
501e593f0: 00000000 00000000 00000000 00000000
501e59400: 00000000 00000000 00000000 00000000
501e59410: 00000000 00000000 00000000 00000000
501e59420: 00000000 00000000 00000000 00000000
501e59430: 00000000 00000000 00000000 00000000
501e59440: 00000000 00000000 00000000 00000000
501e59450: 00000000 00000000 00000000 00000000
501e59460: 00000000 00000000 00000000 00000000
501e59470: 00000000 00000000 00000000 00000000
501e59480: 00000000 00000000 00000000 00000000
501e59490: 00000000 00000000 00000000 00000000
501e594a0: 00000000 00000000 00000000 00000000
501e594b0: 00000000 00000000 00000000 00000000
501e594c0: 00000000 00000000 00000000 00000000
501e594d0: 00000000 00000000 00000000 00000000
501e594e0: 00000000 00000000 00000000 00000000
501e594f0: 00000000 00000000 00000000 00000000
501e59500: 00000000 00000000 00000000 00000000
501e59510: 00000000 00000000 00000000 00000000
501e59520: 00000000 00000000 00000000 00000000
501e59530: 00000000 00000000 00000000 00000000
501e59540: 00000000 00000000 00000000 00000000
501e59550: 00000000 00000000 00000000 00000000
501e59560: 00000000 00000000 00000000 00000000
501e59570: 00000000 00000000 00000000 00000000
501e59580: 00000000 00000000 00000000 00000000
501e59590: 00000000 00000000 00000000 00000000
501e595a0: 00000000 00000000 00000000 00000000
501e595b0: 00000000 00000000 00000000 00000000
501e595c0: 00000000 00000000 00000000 00000000
501e595d0: 00000000 00000000 00000000 00000000
501e595e0: 00000000 00000000 00000000 00000000
501e595f0: 00000000 00000000 00000000 00000000
501e59600: 00000000 00000000 00000000 00000000
501e59610: 00000000 00000000 00000000 00000000
501e59620: 00000000 00000000 00000000 00000000
501e59630: 00000000 00000000 00000000 00000000
501e59640: 00000000 00000000 00000000 00000000
501e59650: 00000000 00000000 00000000 00000000
501e59660: 00000000 00000000 00000000 00000000
501e59670: 00000000 00000000 00000000 00000000
501e59680: 00000000 00000000 00000000 00000000
501e59690: 00000000 00000000 00000000 00000000
501e596a0: 00000000 00000000 00000000 00000000
501e596b0: 00000000 00000000 00000000 00000000
501e596c0: 00000000 00000000 00000000 00000000
501e596d0: 00000000 00000000 00000000 00000000
501e596e0: 00000000 00000000 00000000 00000000
501e596f0: 00000000 00000000 00000000 00000000
501e59700: 00000000 00000000 00000000 00000000
501e59710: 00000000 00000000 00000000 00000000
501e59720: 00000000 00000000 00000000 00000000
501e59730: 00000000 00000000 00000000 00000000
501e59740: 00000000 00000000 00000000 00000000
501e59750: 00000000 00000000 00000000 00000000
501e59760: 00000000 00000000 00000000 00000000
501e59770: 00000000 00000000 00000000 00000000
501e59780: 00000000 00000000 00000000 00000000
501e59790: 00000000 00000000 00000000 00000000
501e597a0: 00000000 00000000 00000000 00000000
501e597b0: 00000000 00000000 00000000 00000000
501e597c0: 00000000 00000000 00000000 00000000
501e597d0: 00000000 00000000 00000000 00000000
501e597e0: 00000000 00000000 00000000 00000000
501e597f0: 00000000 00000000 00000000 00000000
501e59800: 00000000 00000000 00000000 00000000
501e59810: 00000000 00000000 00000000 00000000
501e59820: 00000000 00000000 00000000 00000000
501e59830: 00000000 00000000 00000000 00000000
501e59840: 00000000 00000000 00000000 00000000
501e59850: 00000000 00000000 00000000 00000000
501e59860: 00000000 00000000 00000000 00000000
501e59870: 00000000 00000000 00000000 00000000
501e59880: 00000000 00000000 00000000 00000000
501e59890: 00000000 00000000 00000000 00000000
501e598a0: 00000000 00000000 00000000 00000000
501e598b0: 00000000 00000000 00000000 00000000
501e598c0: 00000000 00000000 00000000 00000000
501e598d0: 00000000 00000000 00000000 00000000
501e598e0: 00000000 00000000 00000000 00000000
501e598f0: 00000000 00000000 00000000 00000000
501e59900: 00000000 00000000 00000000 00000000
501e59910: 00000000 00000000 00000000 00000000
501e59920: 00000000 00000000 00000000 00000000
501e59930: 00000000 00000000 00000000 00000000
501e59940: 00000000 00000000 00000000 00000000
501e59950: 00000000 00000000 00000000 00000000
501e59960: 00000000 00000000 00000000 00000000
501e59970: 00000000 00000000 00000000 00000000
501e59980: 00000000 00000000 00000000 00000000
501e59990: 00000000 00000000 00000000 00000000
501e599a0: 00000000 00000000 00000000 00000000
501e599b0: 00000000 00000000 00000000 00000000
501e599c0: 00000000 00000000 00000000 00000000
501e599d0: 00000000 00000000 00000000 00000000
501e599e0: 00000000 00000000 00000000 00000000
501e599f0: 00000000 00000000 00000000 00000000
501e59a00: 00000000 00000000 00000000 00000000
501e59a10: 00000000 00000000 00000000 00000000
501e59a20: 00000000 00000000 00000000 00000000
501e59a30: 00000000 00000000 00000000 00000000
501e59a40: 00000000 00000000 00000000 00000000
501e59a50: 00000000 00000000 00000000 00000000
501e59a60: 00000000 00000000 00000000 00000000
501e59a70: 00000000 00000000 00000000 00000000
501e59a80: 00000000 00000000 00000000 00000000
501e59a90: 00000000 00000000 00000000 00000000
501e59aa0: 00000000 00000000 00000000 00000000
501e59ab0: 00000000 00000000 00000000 00000000
501e59ac0: 00000000 00000000 00000000 00000000
501e59ad0: 00000000 00000000 00000000 00000000
501e59ae0: 00000000 00000000 00000000 00000000
501e59af0: 00000000 00000000 00000000 00000000
501e59b00: 00000000 00000000 00000000 00000000
501e59b10: 00000000 00000000 00000000 00000000
501e59b20: 00000000 00000000 00000000 00000000
501e59b30: 00000000 00000000 00000000 00000000
501e59b40: 00000000 00000000 00000000 00000000
501e59b50: 00000000 00000000 00000000 00000000
501e59b60: 00000000 00000000 00000000 00000000
501e59b70: 00000000 00000000 00000000 00000000
501e59b80: 00000000 00000000 00000000 00000000
501e59b90: 00000000 00000000 00000000 00000000
501e59ba0: 00000000 00000000 00000000 00000000
501e59bb0: 00000000 00000000 00000000 00000000
501e59bc0: 00000000 00000000 00000000 00000000
501e59bd0: 00000000 00000000 00000000 00000000
501e59be0: 00000000 00000000 00000000 00000000
501e59bf0: 00000000 00000000 00000000 00000000
501e59c00: 00000000 00000000 00000000 00000000
501e59c10: 00000000 00000000 00000000 00000000
501e59c20: 00000000 00000000 00000000 00000000
501e59c30: 00000000 00000000 00000000 00000000
501e59c40: 00000000 00000000 00000000 00000000
501e59c50: 00000000 00000000 00000000 00000000
501e59c60: 00000000 00000000 00000000 00000000
501e59c70: 00000000 00000000 00000000 00000000
501e59c80: 00000000 00000000 00000000 00000000
501e59c90: 00000000 00000000 00000000 00000000
501e59ca0: 00000000 00000000 00000000 00000000
501e59cb0: 00000000 00000000 00000000 00000000
501e59cc0: 00000000 00000000 00000000 00000000
501e59cd0: 00000000 00000000 00000000 00000000
501e59ce0: 00000000 00000000 00000000 00000000
501e59cf0: 00000000 00000000 00000000 00000000
501e59d00: 00000000 00000000 00000000 00000000
501e59d10: 00000000 00000000 00000000 00000000
501e59d20: 00000000 00000000 00000000 00000000
501e59d30: 00000000 00000000 00000000 00000000
501e59d40: 00000000 00000000 00000000 00000000
501e59d50: 00000000 00000000 00000000 00000000
501e59d60: 00000000 00000000 00000000 00000000
501e59d70: 00000000 00000000 00000000 00000000
501e59d80: 00000000 00000000 00000000 00000000
501e59d90: 00000000 00000000 00000000 00000000
501e59da0: 00000000 00000000 00000000 00000000
501e59db0: 00000000 00000000 00000000 00000000
501e59dc0: 00000000 00000000 00000000 00000000
501e59dd0: 00000000 00000000 00000000 00000000
501e59de0: 00000000 00000000 00000000 00000000
501e59df0: 00000000 00000000 00000000 00000000
501e59e00: 00000000 00000000 00000000 00000000
501e59e10: 00000000 00000000 00000000 00000000
501e59e20: 00000000 00000000 00000000 00000000
501e59e30: 00000000 00000000 00000000 00000000
501e59e40: 00000000 00000000 00000000 00000000
501e59e50: 00000000 00000000 00000000 00000000
501e59e60: 00000000 00000000 00000000 00000000
501e59e70: 00000000 00000000 00000000 00000000
501e59e80: 00000000 00000000 00000000 00000000
501e59e90: 00000000 00000000 00000000 00000000
501e59ea0: 00000000 00000000 00000000 00000000
501e59eb0: 00000000 00000000 00000000 00000000
501e59ec0: 00000000 00000000 00000000 00000000
501e59ed0: 00000000 00000000 00000000 00000000
501e59ee0: 00000000 00000000 00000000 00000000
501e59ef0: 00000000 00000000 00000000 00000000
501e59f00: 00000000 00000000 00000000 00000000
501e59f10: 00000000 00000000 00000000 00000000
501e59f20: 00000000 00000000 00000000 00000000
501e59f30: 00000000 00000000 00000000 00000000
501e59f40: 00000000 00000000 00000000 00000000
501e59f50: 00000000 00000000 00000000 00000000
501e59f60: 00000000 00000000 00000000 00000000
501e59f70: 00000000 00000000 00000000 00000000
501e59f80: 00000000 00000000 00000000 00000000
501e59f90: 00000000 00000000 00000000 00000000
501e59fa0: 00000000 00000000 00000000 00000000
501e59fb0: 00000000 00000000 00000000 00000000
501e59fc0: 00000000 00000000 00000000 00000000
501e59fd0: 00000000 00000000 00000000 00000000
501e59fe0: 00000000 00000000 00000000 00000000
501e59ff0: 00000000 00000000 00000000 00000000
501e5a000: 00000000 00000000 00000000 00000000
501e5a010: 00000000 00000000 00000000 00000000
501e5a020: 00000000 00000000 00000000 00000000
501e5a030: 00000000 00000000 00000000 00000000
501e5a040: 00000000 00000000 00000000 00000000
501e5a050: 00000000 00000000 00000000 00000000
501e5a060: 00000000 00000000 00000000 00000000
501e5a070: 00000000 00000000 00000000 00000000
501e5a080: 00000000 00000000 00000000 00000000
501e5a090: 00000000 00000000 00000000 00000000
501e5a0a0: 00000000 00000000 00000000 00000000
501e5a0b0: 00000000 00000000 00000000 00000000
501e5a0c0: 00000000 00000000 00000000 00000000
501e5a0d0: 00000000 00000000 00000000 00000000
501e5a0e0: 00000000 00000000 00000000 00000000
501e5a0f0: 00000000 00000000 00000000 00000000
501e5a100: 00000000 00000000 00000000 00000000
501e5a110: 00000000 00000000 00000000 00000000
501e5a120: 00000000 00000000 00000000 00000000
501e5a130: 00000000 00000000 00000000 00000000
501e5a140: 00000000 00000000 00000000 00000000
501e5a150: 00000000 00000000 00000000 00000000
501e5a160: 00000000 00000000 00000000 00000000
501e5a170: 00000000 00000000 00000000 00000000
501e5a180: 00000000 00000000 00000000 00000000
501e5a190: 00000000 00000000 00000000 00000000
501e5a1a0: 00000000 00000000 00000000 00000000
501e5a1b0: 00000000 00000000 00000000 00000000
501e5a1c0: 00000000 00000000 00000000 00000000
501e5a1d0: 00000000 00000000 00000000 00000000
501e5a1e0: 00000000 00000000 00000000 00000000
501e5a1f0: 00000000 00000000 00000000 00000000
501e5a200: 00000000 00000000 00000000 00000000
501e5a210: 00000000 00000000 00000000 00000000
501e5a220: 00000000 00000000 00000000 00000000
501e5a230: 00000000 00000000 00000000 00000000
501e5a240: 00000000 00000000 00000000 00000000
501e5a250: 00000000 00000000 00000000 00000000
501e5a260: 00000000 00000000 00000000 00000000
501e5a270: 00000000 00000000 00000000 00000000
501e5a280: 00000000 00000000 00000000 00000000
501e5a290: 00000000 00000000 00000000 00000000
501e5a2a0: 00000000 00000000 00000000 00000000
501e5a2b0: 00000000 00000000 00000000 00000000
501e5a2c0: 00000000 00000000 00000000 00000000
501e5a2d0: 00000000 00000000 00000000 00000000
501e5a2e0: 00000000 00000000 00000000 00000000
501e5a2f0: 00000000 00000000 00000000 00000000
501e5a300: 00000000 00000000 00000000 00000000
501e5a310: 00000000 00000000 00000000 00000000
501e5a320: 00000000 00000000 00000000 00000000
501e5a330: 00000000 00000000 00000000 00000000
501e5a340: 00000000 00000000 00000000 00000000
501e5a350: 00000000 00000000 00000000 00000000
501e5a360: 00000000 00000000 00000000 00000000
501e5a370: 00000000 00000000 00000000 00000000
501e5a380: 00000000 00000000 00000000 00000000
501e5a390: 00000000 00000000 00000000 00000000
501e5a3a0: 00000000 00000000 00000000 00000000
501e5a3b0: 00000000 00000000 00000000 00000000
501e5a3c0: 00000000 00000000 00000000 00000000
501e5a3d0: 00000000 00000000 00000000 00000000
501e5a3e0: 00000000 00000000 00000000 00000000
501e5a3f0: 00000000 00000000 00000000 00000000
501e5a400: 00000000 00000000 00000000 00000000
501e5a410: 00000000 00000000 00000000 00000000
501e5a420: 00000000 00000000 00000000 00000000
501e5a430: 00000000 00000000 00000000 00000000
501e5a440: 00000000 00000000 00000000 00000000
501e5a450: 00000000 00000000 00000000 00000000
501e5a460: 00000000 00000000 00000000 00000000
501e5a470: 00000000 00000000 00000000 00000000
501e5a480: 00000000 00000000 00000000 00000000
501e5a490: 00000000 00000000 00000000 00000000
501e5a4a0: 00000000 00000000 00000000 00000000
501e5a4b0: 00000000 00000000 00000000 00000000
501e5a4c0: 00000000 00000000 00000000 00000000
501e5a4d0: 00000000 00000000 00000000 00000000
501e5a4e0: 00000000 00000000 00000000 00000000
501e5a4f0: 00000000 00000000 00000000 00000000
501e5a500: 00000000 00000000 00000000 00000000
501e5a510: 00000000 00000000 00000000 00000000
501e5a520: 00000000 00000000 00000000 00000000
501e5a530: 00000000 00000000 00000000 00000000
501e5a540: 00000000 00000000 00000000 00000000
501e5a550: 00000000 00000000 00000000 00000000
501e5a560: 00000000 00000000 00000000 00000000
501e5a570: 00000000 00000000 00000000 00000000
501e5a580: 00000000 00000000 00000000 00000000
501e5a590: 00000000 00000000 00000000 00000000
501e5a5a0: 00000000 00000000 00000000 00000000
501e5a5b0: 00000000 00000000 00000000 00000000
501e5a5c0: 00000000 00000000 00000000 00000000
501e5a5d0: 00000000 00000000 00000000 00000000
501e5a5e0: 00000000 00000000 00000000 00000000
501e5a5f0: 00000000 00000000 00000000 00000000
501e5a600: 00000000 00000000 00000000 00000000
501e5a610: 00000000 00000000 00000000 00000000
501e5a620: 00000000 00000000 00000000 00000000
501e5a630: 00000000 00000000 00000000 00000000
501e5a640: 00000000 00000000 00000000 00000000
501e5a650: 00000000 00000000 00000000 00000000
501e5a660: 00000000 00000000 00000000 00000000
501e5a670: 00000000 00000000 00000000 00000000
501e5a680: 00000000 00000000 00000000 00000000
501e5a690: 00000000 00000000 00000000 00000000
501e5a6a0: 00000000 00000000 00000000 00000000
501e5a6b0: 00000000 00000000 00000000 00000000
501e5a6c0: 00000000 00000000 00000000 00000000
501e5a6d0: 00000000 00000000 00000000 00000000
501e5a6e0: 00000000 00000000 00000000 00000000
501e5a6f0: 00000000 00000000 00000000 00000000
501e5a700: 00000000 00000000 00000000 00000000
501e5a710: 00000000 00000000 00000000 00000000
501e5a720: 00000000 00000000 00000000 00000000
501e5a730: 00000000 00000000 00000000 00000000
501e5a740: 00000000 00000000 00000000 00000000
501e5a750: 00000000 00000000 00000000 00000000
501e5a760: 00000000 00000000 00000000 00000000
501e5a770: 00000000 00000000 00000000 00000000
501e5a780: 00000000 00000000 00000000 00000000
501e5a790: 00000000 00000000 00000000 00000000
501e5a7a0: 00000000 00000000 00000000 00000000
501e5a7b0: 00000000 00000000 00000000 00000000
501e5a7c0: 00000000 00000000 00000000 00000000
501e5a7d0: 00000000 00000000 00000000 00000000
501e5a7e0: 00000000 00000000 00000000 00000000
501e5a7f0: 00000000 00000000 00000000 00000000
501e5a800: 00000000 00000000 00000000 00000000
501e5a810: 00000000 00000000 00000000 00000000
501e5a820: 00000000 00000000 00000000 00000000
501e5a830: 00000000 00000000 00000000 00000000
501e5a840: 00000000 00000000 00000000 00000000
501e5a850: 00000000 00000000 00000000 00000000
501e5a860: 00000000 00000000 00000000 00000000
501e5a870: 00000000 00000000 00000000 00000000
501e5a880: 00000000 00000000 00000000 00000000
501e5a890: 00000000 00000000 00000000 00000000
501e5a8a0: 00000000 00000000 00000000 00000000
501e5a8b0: 00000000 00000000 00000000 00000000
501e5a8c0: 00000000 00000000 00000000 00000000
501e5a8d0: 00000000 00000000 00000000 00000000
501e5a8e0: 00000000 00000000 00000000 00000000
501e5a8f0: 00000000 00000000 00000000 00000000
501e5a900: 00000000 00000000 00000000 00000000
501e5a910: 00000000 00000000 00000000 00000000
501e5a920: 00000000 00000000 00000000 00000000
501e5a930: 00000000 00000000 00000000 00000000
501e5a940: 00000000 00000000 00000000 00000000
501e5a950: 00000000 00000000 00000000 00000000
501e5a960: 00000000 00000000 00000000 00000000
501e5a970: 00000000 00000000 00000000 00000000
501e5a980: 00000000 00000000 00000000 00000000
501e5a990: 00000000 00000000 00000000 00000000
501e5a9a0: 00000000 00000000 00000000 00000000
501e5a9b0: 00000000 00000000 00000000 00000000
501e5a9c0: 00000000 00000000 00000000 00000000
501e5a9d0: 00000000 00000000 00000000 00000000
501e5a9e0: 00000000 00000000 00000000 00000000
501e5a9f0: 00000000 00000000 00000000 00000000
501e5aa00: 00000000 00000000 00000000 00000000
501e5aa10: 00000000 00000000 00000000 00000000
501e5aa20: 00000000 00000000 00000000 00000000
501e5aa30: 00000000 00000000 00000000 00000000
501e5aa40: 00000000 00000000 00000000 00000000
501e5aa50: 00000000 00000000 00000000 00000000
501e5aa60: 00000000 00000000 00000000 00000000
501e5aa70: 00000000 00000000 00000000 00000000
501e5aa80: 00000000 00000000 00000000 00000000
501e5aa90: 00000000 00000000 00000000 00000000
501e5aaa0: 00000000 00000000 00000000 00000000
501e5aab0: 00000000 00000000 00000000 00000000
501e5aac0: 00000000 00000000 00000000 00000000
501e5aad0: 00000000 00000000 00000000 00000000
501e5aae0: 00000000 00000000 00000000 00000000
501e5aaf0: 00000000 00000000 00000000 00000000
501e5ab00: 00000000 00000000 00000000 00000000
501e5ab10: 00000000 00000000 00000000 00000000
501e5ab20: 00000000 00000000 00000000 00000000
501e5ab30: 00000000 00000000 00000000 00000000
501e5ab40: 00000000 00000000 00000000 00000000
501e5ab50: 00000000 00000000 00000000 00000000
501e5ab60: 00000000 00000000 00000000 00000000
501e5ab70: 00000000 00000000 00000000 00000000
501e5ab80: 00000000 00000000 00000000 00000000
501e5ab90: 00000000 00000000 00000000 00000000
501e5aba0: 00000000 00000000 00000000 00000000
501e5abb0: 00000000 00000000 00000000 00000000
501e5abc0: 00000000 00000000 00000000 00000000
501e5abd0: 00000000 00000000 00000000 00000000
501e5abe0: 00000000 00000000 00000000 00000000
501e5abf0: 00000000 00000000 00000000 00000000
501e5ac00: 00000000 00000000 00000000 00000000
501e5ac10: 00000000 00000000 00000000 00000000
501e5ac20: 00000000 00000000 00000000 00000000
501e5ac30: 00000000 00000000 00000000 00000000
501e5ac40: 00000000 00000000 00000000 00000000
501e5ac50: 00000000 00000000 00000000 00000000
501e5ac60: 00000000 00000000 00000000 00000000
501e5ac70: 00000000 00000000 00000000 00000000
501e5ac80: 00000000 00000000 00000000 00000000
501e5ac90: 00000000 00000000 00000000 00000000
501e5aca0: 00000000 00000000 00000000 00000000
501e5acb0: 00000000 00000000 00000000 00000000
501e5acc0: 00000000 00000000 00000000 00000000
501e5acd0: 00000000 00000000 00000000 00000000
501e5ace0: 00000000 00000000 00000000 00000000
501e5acf0: 00000000 00000000 00000000 00000000
501e5ad00: 00000000 00000000 00000000 00000000
501e5ad10: 00000000 00000000 00000000 00000000
501e5ad20: 00000000 00000000 00000000 00000000
501e5ad30: 00000000 00000000 00000000 00000000
501e5ad40: 00000000 00000000 00000000 00000000
501e5ad50: 00000000 00000000 00000000 00000000
501e5ad60: 00000000 00000000 00000000 00000000
501e5ad70: 00000000 00000000 00000000 00000000
501e5ad80: 00000000 00000000 00000000 00000000
501e5ad90: 00000000 00000000 00000000 00000000
501e5ada0: 00000000 00000000 00000000 00000000
501e5adb0: 00000000 00000000 00000000 00000000
501e5adc0: 00000000 00000000 00000000 00000000
501e5add0: 00000000 00000000 00000000 00000000
501e5ade0: 00000000 00000000 00000000 00000000
501e5adf0: 00000000 00000000 00000000 00000000
501e5ae00: 00000000 00000000 00000000 00000000
501e5ae10: 00000000 00000000 00000000 00000000
501e5ae20: 00000000 00000000 00000000 00000000
501e5ae30: 00000000 00000000 00000000 00000000
501e5ae40: 00000000 00000000 00000000 00000000
501e5ae50: 00000000 00000000 00000000 00000000
501e5ae60: 00000000 00000000 00000000 00000000
501e5ae70: 00000000 00000000 00000000 00000000
501e5ae80: 00000000 00000000 00000000 00000000
501e5ae90: 00000000 00000000 00000000 00000000
501e5aea0: 00000000 00000000 00000000 00000000
501e5aeb0: 00000000 00000000 00000000 00000000
501e5aec0: 00000000 00000000 00000000 00000000
501e5aed0: 00000000 00000000 00000000 00000000
501e5aee0: 00000000 00000000 00000000 00000000
501e5aef0: 00000000 00000000 00000000 00000000
501e5af00: 00000000 00000000 00000000 00000000
501e5af10: 00000000 00000000 00000000 00000000
501e5af20: 00000000 00000000 00000000 00000000
501e5af30: 00000000 00000000 00000000 00000000
501e5af40: 00000000 00000000 00000000 00000000
501e5af50: 00000000 00000000 00000000 00000000
501e5af60: 00000000 00000000 00000000 00000000
501e5af70: 00000000 00000000 00000000 00000000
501e5af80: 00000000 00000000 00000000 00000000
501e5af90: 00000000 00000000 00000000 00000000
501e5afa0: 00000000 00000000 00000000 00000000
501e5afb0: 00000000 00000000 00000000 00000000
501e5afc0: 00000000 00000000 00000000 00000000
501e5afd0: 00000000 00000000 00000000 00000000
501e5afe0: 00000000 00000000 00000000 00000000
501e5aff0: 00000000 00000000 00000000 00000000
501e5b000: 00000000 00000000 00000000 00000000
501e5b010: 00000000 00000000 00000000 00000000
501e5b020: 00000000 00000000 00000000 00000000
501e5b030: 00000000 00000000 00000000 00000000
501e5b040: 00000000 00000000 00000000 00000000
501e5b050: 00000000 00000000 00000000 00000000
501e5b060: 00000000 00000000 00000000 00000000
501e5b070: 00000000 00000000 00000000 00000000
501e5b080: 00000000 00000000 00000000 00000000
501e5b090: 00000000 00000000 00000000 00000000
501e5b0a0: 00000000 00000000 00000000 00000000
501e5b0b0: 00000000 00000000 00000000 00000000
501e5b0c0: 00000000 00000000 00000000 00000000
501e5b0d0: 00000000 00000000 00000000 00000000
501e5b0e0: 00000000 00000000 00000000 00000000
501e5b0f0: 00000000 00000000 00000000 00000000
501e5b100: 00000000 00000000 00000000 00000000
501e5b110: 00000000 00000000 00000000 00000000
501e5b120: 00000000 00000000 00000000 00000000
501e5b130: 00000000 00000000 00000000 00000000
501e5b140: 00000000 00000000 00000000 00000000
501e5b150: 00000000 00000000 00000000 00000000
501e5b160: 00000000 00000000 00000000 00000000
501e5b170: 00000000 00000000 00000000 00000000
501e5b180: 00000000 00000000 00000000 00000000
501e5b190: 00000000 00000000 00000000 00000000
501e5b1a0: 00000000 00000000 00000000 00000000
501e5b1b0: 00000000 00000000 00000000 00000000
501e5b1c0: 00000000 00000000 00000000 00000000
501e5b1d0: 00000000 00000000 00000000 00000000
501e5b1e0: 00000000 00000000 00000000 00000000
501e5b1f0: 00000000 00000000 00000000 00000000
501e5b200: 00000000 00000000 00000000 00000000
501e5b210: 00000000 00000000 00000000 00000000
501e5b220: 00000000 00000000 00000000 00000000
501e5b230: 00000000 00000000 00000000 00000000
501e5b240: 00000000 00000000 00000000 00000000
501e5b250: 00000000 00000000 00000000 00000000
501e5b260: 00000000 00000000 00000000 00000000
501e5b270: 00000000 00000000 00000000 00000000
501e5b280: 00000000 00000000 00000000 00000000
501e5b290: 00000000 00000000 00000000 00000000
501e5b2a0: 00000000 00000000 00000000 00000000
501e5b2b0: 00000000 00000000 00000000 00000000
501e5b2c0: 00000000 00000000 00000000 00000000
501e5b2d0: 00000000 00000000 00000000 00000000
501e5b2e0: 00000000 00000000 00000000 00000000
501e5b2f0: 00000000 00000000 00000000 00000000
501e5b300: 00000000 00000000 00000000 00000000
501e5b310: 00000000 00000000 00000000 00000000
501e5b320: 00000000 00000000 00000000 00000000
501e5b330: 00000000 00000000 00000000 00000000
501e5b340: 00000000 00000000 00000000 00000000
501e5b350: 00000000 00000000 00000000 00000000
501e5b360: 00000000 00000000 00000000 00000000
501e5b370: 00000000 00000000 00000000 00000000
501e5b380: 00000000 00000000 00000000 00000000
501e5b390: 00000000 00000000 00000000 00000000
501e5b3a0: 00000000 00000000 00000000 00000000
501e5b3b0: 00000000 00000000 00000000 00000000
501e5b3c0: 00000000 00000000 00000000 00000000
501e5b3d0: 00000000 00000000 00000000 00000000
501e5b3e0: 00000000 00000000 00000000 00000000
501e5b3f0: 00000000 00000000 00000000 00000000
501e5b400: 00000000 00000000 00000000 00000000
501e5b410: 00000000 00000000 00000000 00000000
501e5b420: 00000000 00000000 00000000 00000000
501e5b430: 00000000 00000000 00000000 00000000
501e5b440: 00000000 00000000 00000000 00000000
501e5b450: 00000000 00000000 00000000 00000000
501e5b460: 00000000 00000000 00000000 00000000
501e5b470: 00000000 00000000 00000000 00000000
501e5b480: 00000000 00000000 00000000 00000000
501e5b490: 00000000 00000000 00000000 00000000
501e5b4a0: 00000000 00000000 00000000 00000000
501e5b4b0: 00000000 00000000 00000000 00000000
501e5b4c0: 00000000 00000000 00000000 00000000
501e5b4d0: 00000000 00000000 00000000 00000000
501e5b4e0: 00000000 00000000 00000000 00000000
501e5b4f0: 00000000 00000000 00000000 00000000
501e5b500: 00000000 00000000 00000000 00000000
501e5b510: 00000000 00000000 00000000 00000000
501e5b520: 00000000 00000000 00000000 00000000
501e5b530: 00000000 00000000 00000000 00000000
501e5b540: 00000000 00000000 00000000 00000000
501e5b550: 00000000 00000000 00000000 00000000
501e5b560: 00000000 00000000 00000000 00000000
501e5b570: 00000000 00000000 00000000 00000000
501e5b580: 00000000 00000000 00000000 00000000
501e5b590: 00000000 00000000 00000000 00000000
501e5b5a0: 00000000 00000000 00000000 00000000
501e5b5b0: 00000000 00000000 00000000 00000000
501e5b5c0: 00000000 00000000 00000000 00000000
501e5b5d0: 00000000 00000000 00000000 00000000
501e5b5e0: 00000000 00000000 00000000 00000000
501e5b5f0: 00000000 00000000 00000000 00000000
501e5b600: 00000000 00000000 00000000 00000000
501e5b610: 00000000 00000000 00000000 00000000
501e5b620: 00000000 00000000 00000000 00000000
501e5b630: 00000000 00000000 00000000 00000000
501e5b640: 00000000 00000000 00000000 00000000
501e5b650: 00000000 00000000 00000000 00000000
501e5b660: 00000000 00000000 00000000 00000000
501e5b670: 00000000 00000000 00000000 00000000
501e5b680: 00000000 00000000 00000000 00000000
501e5b690: 00000000 00000000 00000000 00000000
501e5b6a0: 00000000 00000000 00000000 00000000
501e5b6b0: 00000000 00000000 00000000 00000000
501e5b6c0: 00000000 00000000 00000000 00000000
501e5b6d0: 00000000 00000000 00000000 00000000
501e5b6e0: 00000000 00000000 00000000 00000000
501e5b6f0: 00000000 00000000 00000000 00000000
501e5b700: 00000000 00000000 00000000 00000000
501e5b710: 00000000 00000000 00000000 00000000
501e5b720: 00000000 00000000 00000000 00000000
501e5b730: 00000000 00000000 00000000 00000000
501e5b740: 00000000 00000000 00000000 00000000
501e5b750: 00000000 00000000 00000000 00000000
501e5b760: 00000000 00000000 00000000 00000000
501e5b770: 00000000 00000000 00000000 00000000
501e5b780: 00000000 00000000 00000000 00000000
501e5b790: 00000000 00000000 00000000 00000000
501e5b7a0: 00000000 00000000 00000000 00000000
501e5b7b0: 00000000 00000000 00000000 00000000
501e5b7c0: 00000000 00000000 00000000 00000000
501e5b7d0: 00000000 00000000 00000000 00000000
501e5b7e0: 00000000 00000000 00000000 00000000
501e5b7f0: 00000000 00000000 00000000 00000000
501e5b800: 00000000 00000000 00000000 00000000
501e5b810: 00000000 00000000 00000000 00000000
501e5b820: 00000000 00000000 00000000 00000000
501e5b830: 00000000 00000000 00000000 00000000
501e5b840: 00000000 00000000 00000000 00000000
501e5b850: 00000000 00000000 00000000 00000000
501e5b860: 00000000 00000000 00000000 00000000
501e5b870: 00000000 00000000 00000000 00000000
501e5b880: 00000000 00000000 00000000 00000000
501e5b890: 00000000 00000000 00000000 00000000
501e5b8a0: 00000000 00000000 00000000 00000000
501e5b8b0: 00000000 00000000 00000000 00000000
501e5b8c0: 00000000 00000000 00000000 00000000
501e5b8d0: 00000000 00000000 00000000 00000000
501e5b8e0: 00000000 00000000 00000000 00000000
501e5b8f0: 00000000 00000000 00000000 00000000
501e5b900: 00000000 00000000 00000000 00000000
501e5b910: 00000000 00000000 00000000 00000000
501e5b920: 00000000 00000000 00000000 00000000
501e5b930: 00000000 00000000 00000000 00000000
501e5b940: 00000000 00000000 00000000 00000000
501e5b950: 00000000 00000000 00000000 00000000
501e5b960: 00000000 00000000 00000000 00000000
501e5b970: 00000000 00000000 00000000 00000000
501e5b980: 00000000 00000000 00000000 00000000
501e5b990: 00000000 00000000 00000000 00000000
501e5b9a0: 00000000 00000000 00000000 00000000
501e5b9b0: 00000000 00000000 00000000 00000000
501e5b9c0: 00000000 00000000 00000000 00000000
501e5b9d0: 00000000 00000000 00000000 00000000
501e5b9e0: 00000000 00000000 00000000 00000000
501e5b9f0: 00000000 00000000 00000000 00000000
501e5ba00: 00000000 00000000 00000000 00000000
501e5ba10: 00000000 00000000 00000000 00000000
501e5ba20: 00000000 00000000 00000000 00000000
501e5ba30: 00000000 00000000 00000000 00000000
501e5ba40: 00000000 00000000 00000000 00000000
501e5ba50: 00000000 00000000 00000000 00000000
501e5ba60: 00000000 00000000 00000000 00000000
501e5ba70: 00000000 00000000 00000000 00000000
501e5ba80: 00000000 00000000 00000000 00000000
501e5ba90: 00000000 00000000 00000000 00000000
501e5baa0: 00000000 00000000 00000000 00000000
501e5bab0: 00000000 00000000 00000000 00000000
501e5bac0: 00000000 00000000 00000000 00000000
501e5bad0: 00000000 00000000 00000000 00000000
501e5bae0: 00000000 00000000 00000000 00000000
501e5baf0: 00000000 00000000 00000000 00000000
501e5bb00: 00000000 00000000 00000000 00000000
501e5bb10: 00000000 00000000 00000000 00000000
501e5bb20: 00000000 00000000 00000000 00000000
501e5bb30: 00000000 00000000 00000000 00000000
501e5bb40: 00000000 00000000 00000000 00000000
501e5bb50: 00000000 00000000 00000000 00000000
501e5bb60: 00000000 00000000 00000000 00000000
501e5bb70: 00000000 00000000 00000000 00000000
501e5bb80: 00000000 00000000 00000000 00000000
501e5bb90: 00000000 00000000 00000000 00000000
501e5bba0: 00000000 00000000 00000000 00000000
501e5bbb0: 00000000 00000000 00000000 00000000
501e5bbc0: 00000000 00000000 00000000 00000000
501e5bbd0: 00000000 00000000 00000000 00000000
501e5bbe0: 00000000 00000000 00000000 00000000
501e5bbf0: 00000000 00000000 00000000 00000000
501e5bc00: 00000000 00000000 00000000 00000000
501e5bc10: 00000000 00000000 00000000 00000000
501e5bc20: 00000000 00000000 00000000 00000000
501e5bc30: 00000000 00000000 00000000 00000000
501e5bc40: 00000000 00000000 00000000 00000000
501e5bc50: 00000000 00000000 00000000 00000000
501e5bc60: 00000000 00000000 00000000 00000000
501e5bc70: 00000000 00000000 00000000 00000000
501e5bc80: 00000000 00000000 00000000 00000000
501e5bc90: 00000000 00000000 00000000 00000000
501e5bca0: 00000000 00000000 00000000 00000000
501e5bcb0: 00000000 00000000 00000000 00000000
501e5bcc0: 00000000 00000000 00000000 00000000
501e5bcd0: 00000000 00000000 00000000 00000000
501e5bce0: 00000000 00000000 00000000 00000000
501e5bcf0: 00000000 00000000 00000000 00000000
501e5bd00: 00000000 00000000 00000000 00000000
501e5bd10: 00000000 00000000 00000000 00000000
501e5bd20: 00000000 00000000 00000000 00000000
501e5bd30: 00000000 00000000 00000000 00000000
501e5bd40: 00000000 00000000 00000000 00000000
501e5bd50: 00000000 00000000 00000000 00000000
501e5bd60: 00000000 00000000 00000000 00000000
501e5bd70: 00000000 00000000 00000000 00000000
501e5bd80: 00000000 00000000 00000000 00000000
501e5bd90: 00000000 00000000 00000000 00000000
501e5bda0: 00000000 00000000 00000000 00000000
501e5bdb0: 00000000 00000000 00000000 00000000
501e5bdc0: 00000000 00000000 00000000 00000000
501e5bdd0: 00000000 00000000 00000000 00000000
501e5bde0: 00000000 00000000 00000000 00000000
501e5bdf0: 00000000 00000000 00000000 00000000
501e5be00: 00000000 00000000 00000000 00000000
501e5be10: 00000000 00000000 00000000 00000000
501e5be20: 00000000 00000000 00000000 00000000
501e5be30: 00000000 00000000 00000000 00000000
501e5be40: 00000000 00000000 00000000 00000000
501e5be50: 00000000 00000000 00000000 00000000
501e5be60: 00000000 00000000 00000000 00000000
501e5be70: 00000000 00000000 00000000 00000000
501e5be80: 00000000 00000000 00000000 00000000
501e5be90: 00000000 00000000 00000000 00000000
501e5bea0: 00000000 00000000 00000000 00000000
501e5beb0: 00000000 00000000 00000000 00000000
501e5bec0: 00000000 00000000 00000000 00000000
501e5bed0: 00000000 00000000 00000000 00000000
501e5bee0: 00000000 00000000 00000000 00000000
501e5bef0: 00000000 00000000 00000000 00000000
501e5bf00: 00000000 00000000 00000000 00000000
501e5bf10: 00000000 00000000 00000000 00000000
501e5bf20: 00000000 00000000 00000000 00000000
501e5bf30: 00000000 00000000 00000000 00000000
501e5bf40: 00000000 00000000 00000000 00000000
501e5bf50: 00000000 00000000 00000000 00000000
501e5bf60: 00000000 00000000 00000000 00000000
501e5bf70: 00000000 00000000 00000000 00000000
501e5bf80: 00000000 00000000 00000000 00000000
501e5bf90: 00000000 00000000 00000000 00000000
501e5bfa0: 00000000 00000000 00000000 00000000
501e5bfb0: 00000000 00000000 00000000 00000000
501e5bfc0: 00000000 00000000 00000000 00000000
501e5bfd0: 00000000 00000000 00000000 00000000
501e5bfe0: 00000000 00000000 00000000 00000000
501e5bff0: 00000000 00000000 00000000 00000000
