
501e50000: 00000005 00000001 00000000 00000001
501e50010: 00000001 00000000 00000000 00000000
501e50020: 00000000 00000000 00000000 00000000
501e50030: 00000000 00000000 00000000 00000000
501e50040: 00000000 00000000 00000000 00000000
501e50050: 00000000 00000000 00000000 00000000
501e50060: 00000000 00000000 00000000 00000000
501e50070: 00000000 00000000 00000000 00000000
501e50080: 00000000 00000000 00000000 00000000
501e50090: 00000000 00000000 00000000 00000000
501e500a0: 00000000 00000000 00000000 00000000
501e500b0: 00000000 00000000 00000000 00000000
501e500c0: 00000000 00000000 00000000 00000000
501e500d0: 00000000 00000000 00000000 00000000
501e500e0: 00000000 00000000 00000000 00000000
501e500f0: 00000000 00000000 00000000 00000000
501e50100: 00000000 00000000 00000000 00000000
501e50110: 00000000 00000000 00000000 00000000
501e50120: 00000000 00000000 00000000 00000000
501e50130: 00000000 00000000 00000000 00000000
501e50140: 00000000 00000000 00000000 00000000
501e50150: 00000000 00000000 00000000 00000000
501e50160: 00000000 00000000 00000000 00000000
501e50170: 00000000 00000000 00000000 00000000
501e50180: 00000000 00000000 00000000 00000000
501e50190: 00000000 00000000 00000000 00000000
501e501a0: 00000000 00000000 00000000 00000000
501e501b0: 00000000 00000000 00000000 00000000
501e501c0: 00000000 00000000 00000000 00000000
501e501d0: 00000000 00000000 00000000 00000000
501e501e0: 00000000 00000000 00000000 00000000
501e501f0: 00000000 00000000 00000000 00000000
501e50200: 00000000 00000000 00000000 00000000
501e50210: 00000000 00000000 00000000 00000000
501e50220: 00000000 00000000 00000000 00000000
501e50230: 00000000 00000000 00000000 00000000
501e50240: 00000000 00000000 00000000 00000000
501e50250: 00000000 00000000 00000000 00000000
501e50260: 00000000 00000000 00000000 00000000
501e50270: 00000000 00000000 00000000 00000000
501e50280: 00000000 00000000 00000000 00000000
501e50290: 00000000 00000000 00000000 00000000
501e502a0: 00000000 00000000 00000000 00000000
501e502b0: 00000000 00000000 00000000 00000000
501e502c0: 00000000 00000000 00000000 00000000
501e502d0: 00000000 00000000 00000000 00000000
501e502e0: 00000000 00000000 00000000 00000000
501e502f0: 00000000 00000000 00000000 00000000
501e50300: 00000000 00000000 00000000 00000000
501e50310: 00000000 00000000 00000000 00000000
501e50320: 00000000 00000000 00000000 00000000
501e50330: 00000000 00000000 00000000 00000000
501e50340: 00000000 00000000 00000000 00000000
501e50350: 00000000 00000000 00000000 00000000
501e50360: 00000000 00000000 00000000 00000000
501e50370: 00000000 00000000 00000000 00000000
501e50380: 00000000 00000000 00000000 00000000
501e50390: 00000000 00000000 00000000 00000000
501e503a0: 00000000 00000000 00000000 00000000
501e503b0: 00000000 00000000 00000000 00000000
501e503c0: 00000000 00000000 00000000 00000000
501e503d0: 00000000 00000000 00000000 00000000
501e503e0: 00000000 00000000 00000000 00000000
501e503f0: 00000000 00000000 00000000 00000000
501e50400: 00000000 00000000 00000000 00000000
501e50410: 00000000 00000000 00000000 00000000
501e50420: 00000000 00000000 00000000 00000000
501e50430: 00000000 00000000 00000000 00000000
501e50440: 00000000 00000000 00000000 00000000
501e50450: 00000000 00000000 00000000 00000000
501e50460: 00000000 00000000 00000000 00000000
501e50470: 00000000 00000000 00000000 00000000
501e50480: 00000000 00000000 00000000 00000000
501e50490: 00000000 00000000 00000000 00000000
501e504a0: 00000000 00000000 00000000 00000000
501e504b0: 00000000 00000000 00000000 00000000
501e504c0: 00000000 00000000 00000000 00000000
501e504d0: 00000000 00000000 00000000 00000000
501e504e0: 00000000 00000000 00000000 00000000
501e504f0: 00000000 00000000 00000000 00000000
501e50500: 00000000 00000000 00000000 00000000
501e50510: 00000000 00000000 00000000 00000000
501e50520: 00000000 00000000 00000000 00000000
501e50530: 00000000 00000000 00000000 00000000
501e50540: 00000000 00000000 00000000 00000000
501e50550: 00000000 00000000 00000000 00000000
501e50560: 00000000 00000000 00000000 00000000
501e50570: 00000000 00000000 00000000 00000000
501e50580: 00000000 00000000 00000000 00000000
501e50590: 00000000 00000000 00000000 00000000
501e505a0: 00000000 00000000 00000000 00000000
501e505b0: 00000000 00000000 00000000 00000000
501e505c0: 00000000 00000000 00000000 00000000
501e505d0: 00000000 00000000 00000000 00000000
501e505e0: 00000000 00000000 00000000 00000000
501e505f0: 00000000 00000000 00000000 00000000
501e50600: 00000000 00000000 00000000 00000000
501e50610: 00000000 00000000 00000000 00000000
501e50620: 00000000 00000000 00000000 00000000
501e50630: 00000000 00000000 00000000 00000000
501e50640: 00000000 00000000 00000000 00000000
501e50650: 00000000 00000000 00000000 00000000
501e50660: 00000000 00000000 00000000 00000000
501e50670: 00000000 00000000 00000000 00000000
501e50680: 00000000 00000000 00000000 00000000
501e50690: 00000000 00000000 00000000 00000000
501e506a0: 00000000 00000000 00000000 00000000
501e506b0: 00000000 00000000 00000000 00000000
501e506c0: 00000000 00000000 00000000 00000000
501e506d0: 00000000 00000000 00000000 00000000
501e506e0: 00000000 00000000 00000000 00000000
501e506f0: 00000000 00000000 00000000 00000000
501e50700: 00000000 00000000 00000000 00000000
501e50710: 00000000 00000000 00000000 00000000
501e50720: 00000000 00000000 00000000 00000000
501e50730: 00000000 00000000 00000000 00000000
501e50740: 00000000 00000000 00000000 00000000
501e50750: 00000000 00000000 00000000 00000000
501e50760: 00000000 00000000 00000000 00000000
501e50770: 00000000 00000000 00000000 00000000
501e50780: 00000000 00000000 00000000 00000000
501e50790: 00000000 00000000 00000000 00000000
501e507a0: 00000000 00000000 00000000 00000000
501e507b0: 00000000 00000000 00000000 00000000
501e507c0: 00000000 00000000 00000000 00000000
501e507d0: 00000000 00000000 00000000 00000000
501e507e0: 00000000 00000000 00000000 00000000
501e507f0: 00000000 00000000 00000000 00000000
501e50800: 00000000 00000000 00000000 00000000
501e50810: 00000000 00000000 00000000 00000000
501e50820: 00000000 00000000 00000000 00000000
501e50830: 00000000 00000000 00000000 00000000
501e50840: 00000000 00000000 00000000 00000000
501e50850: 00000000 00000000 00000000 00000000
501e50860: 00000000 00000000 00000000 00000000
501e50870: 00000000 00000000 00000000 00000000
501e50880: 00000000 00000000 00000000 00000000
501e50890: 00000000 00000000 00000000 00000000
501e508a0: 00000000 00000000 00000000 00000000
501e508b0: 00000000 00000000 00000000 00000000
501e508c0: 00000000 00000000 00000000 00000000
501e508d0: 00000000 00000000 00000000 00000000
501e508e0: 00000000 00000000 00000000 00000000
501e508f0: 00000000 00000000 00000000 00000000
501e50900: 00000000 00000000 00000000 00000000
501e50910: 00000000 00000000 00000000 00000000
501e50920: 00000000 00000000 00000000 00000000
501e50930: 00000000 00000000 00000000 00000000
501e50940: 00000000 00000000 00000000 00000000
501e50950: 00000000 00000000 00000000 00000000
501e50960: 00000000 00000000 00000000 00000000
501e50970: 00000000 00000000 00000000 00000000
501e50980: 00000000 00000000 00000000 00000000
501e50990: 00000000 00000000 00000000 00000000
501e509a0: 00000000 00000000 00000000 00000000
501e509b0: 00000000 00000000 00000000 00000000
501e509c0: 00000000 00000000 00000000 00000000
501e509d0: 00000000 00000000 00000000 00000000
501e509e0: 00000000 00000000 00000000 00000000
501e509f0: 00000000 00000000 00000000 00000000
501e50a00: 00000000 00000000 00000000 00000000
501e50a10: 00000000 00000000 00000000 00000000
501e50a20: 00000000 00000000 00000000 00000000
501e50a30: 00000000 00000000 00000000 00000000
501e50a40: 00000000 00000000 00000000 00000000
501e50a50: 00000000 00000000 00000000 00000000
501e50a60: 00000000 00000000 00000000 00000000
501e50a70: 00000000 00000000 00000000 00000000
501e50a80: 00000000 00000000 00000000 00000000
501e50a90: 00000000 00000000 00000000 00000000
501e50aa0: 00000000 00000000 00000000 00000000
501e50ab0: 00000000 00000000 00000000 00000000
501e50ac0: 00000000 00000000 00000000 00000000
501e50ad0: 00000000 00000000 00000000 00000000
501e50ae0: 00000000 00000000 00000000 00000000
501e50af0: 00000000 00000000 00000000 00000000
501e50b00: 00000000 00000000 00000000 00000000
501e50b10: 00000000 00000000 00000000 00000000
501e50b20: 00000000 00000000 00000000 00000000
501e50b30: 00000000 00000000 00000000 00000000
501e50b40: 00000000 00000000 00000000 00000000
501e50b50: 00000000 00000000 00000000 00000000
501e50b60: 00000000 00000000 00000000 00000000
501e50b70: 00000000 00000000 00000000 00000000
501e50b80: 00000000 00000000 00000000 00000000
501e50b90: 00000000 00000000 00000000 00000000
501e50ba0: 00000000 00000000 00000000 00000000
501e50bb0: 00000000 00000000 00000000 00000000
501e50bc0: 00000000 00000000 00000000 00000000
501e50bd0: 00000000 00000000 00000000 00000000
501e50be0: 00000000 00000000 00000000 00000000
501e50bf0: 00000000 00000000 00000000 00000000
501e50c00: 00000000 00000000 00000000 00000000
501e50c10: 00000000 00000000 00000000 00000000
501e50c20: 00000000 00000000 00000000 00000000
501e50c30: 00000000 00000000 00000000 00000000
501e50c40: 00000000 00000000 00000000 00000000
501e50c50: 00000000 00000000 00000000 00000000
501e50c60: 00000000 00000000 00000000 00000000
501e50c70: 00000000 00000000 00000000 00000000
501e50c80: 00000000 00000000 00000000 00000000
501e50c90: 00000000 00000000 00000000 00000000
501e50ca0: 00000000 00000000 00000000 00000000
501e50cb0: 00000000 00000000 00000000 00000000
501e50cc0: 00000000 00000000 00000000 00000000
501e50cd0: 00000000 00000000 00000000 00000000
501e50ce0: 00000000 00000000 00000000 00000000
501e50cf0: 00000000 00000000 00000000 00000000
501e50d00: 00000000 00000000 00000000 00000000
501e50d10: 00000000 00000000 00000000 00000000
501e50d20: 00000000 00000000 00000000 00000000
501e50d30: 00000000 00000000 00000000 00000000
501e50d40: 00000000 00000000 00000000 00000000
501e50d50: 00000000 00000000 00000000 00000000
501e50d60: 00000000 00000000 00000000 00000000
501e50d70: 00000000 00000000 00000000 00000000
501e50d80: 00000000 00000000 00000000 00000000
501e50d90: 00000000 00000000 00000000 00000000
501e50da0: 00000000 00000000 00000000 00000000
501e50db0: 00000000 00000000 00000000 00000000
501e50dc0: 00000000 00000000 00000000 00000000
501e50dd0: 00000000 00000000 00000000 00000000
501e50de0: 00000000 00000000 00000000 00000000
501e50df0: 00000000 00000000 00000000 00000000
501e50e00: 00000000 00000000 00000000 00000000
501e50e10: 00000000 00000000 00000000 00000000
501e50e20: 00000000 00000000 00000000 00000000
501e50e30: 00000000 00000000 00000000 00000000
501e50e40: 00000000 00000000 00000000 00000000
501e50e50: 00000000 00000000 00000000 00000000
501e50e60: 00000000 00000000 00000000 00000000
501e50e70: 00000000 00000000 00000000 00000000
501e50e80: 00000000 00000000 00000000 00000000
501e50e90: 00000000 00000000 00000000 00000000
501e50ea0: 00000000 00000000 00000000 00000000
501e50eb0: 00000000 00000000 00000000 00000000
501e50ec0: 00000000 00000000 00000000 00000000
501e50ed0: 00000000 00000000 00000000 00000000
501e50ee0: 00000000 00000000 00000000 00000000
501e50ef0: 00000000 00000000 00000000 00000000
501e50f00: 00000000 00000000 00000000 00000000
501e50f10: 00000000 00000000 00000000 00000000
501e50f20: 00000000 00000000 00000000 00000000
501e50f30: 00000000 00000000 00000000 00000000
501e50f40: 00000000 00000000 00000000 00000000
501e50f50: 00000000 00000000 00000000 00000000
501e50f60: 00000000 00000000 00000000 00000000
501e50f70: 00000000 00000000 00000000 00000000
501e50f80: 00000000 00000000 00000000 00000000
501e50f90: 00000000 00000000 00000000 00000000
501e50fa0: 00000000 00000000 00000000 00000000
501e50fb0: 00000000 00000000 00000000 00000000
501e50fc0: 00000000 00000000 00000000 00000000
501e50fd0: 00000000 00000000 00000000 00000000
501e50fe0: 00000000 00000000 00000000 00000000
501e50ff0: 00000000 00000000 00000000 00000000
501e51000: 00000000 00000000 00000000 00000000
501e51010: 00000000 00000000 00000000 00000000
501e51020: 00000000 00000000 00000000 00000000
501e51030: 00000000 00000000 00000000 00000000
501e51040: 00000000 00000000 00000000 00000000
501e51050: 00000000 00000000 00000000 00000000
501e51060: 00000000 00000000 00000000 00000000
501e51070: 00000000 00000000 00000000 00000000
501e51080: 00000000 00000000 00000000 00000000
501e51090: 00000000 00000000 00000000 00000000
501e510a0: 00000000 00000000 00000000 00000000
501e510b0: 00000000 00000000 00000000 00000000
501e510c0: 00000000 00000000 00000000 00000000
501e510d0: 00000000 00000000 00000000 00000000
501e510e0: 00000000 00000000 00000000 00000000
501e510f0: 00000000 00000000 00000000 00000000
501e51100: 00000000 00000000 00000000 00000000
501e51110: 00000000 00000000 00000000 00000000
501e51120: 00000000 00000000 00000000 00000000
501e51130: 00000000 00000000 00000000 00000000
501e51140: 00000000 00000000 00000000 00000000
501e51150: 00000000 00000000 00000000 00000000
501e51160: 00000000 00000000 00000000 00000000
501e51170: 00000000 00000000 00000000 00000000
501e51180: 00000000 00000000 00000000 00000000
501e51190: 00000000 00000000 00000000 00000000
501e511a0: 00000000 00000000 00000000 00000000
501e511b0: 00000000 00000000 00000000 00000000
501e511c0: 00000000 00000000 00000000 00000000
501e511d0: 00000000 00000000 00000000 00000000
501e511e0: 00000000 00000000 00000000 00000000
501e511f0: 00000000 00000000 00000000 00000000
501e51200: 00000000 00000000 00000000 00000000
501e51210: 00000000 00000000 00000000 00000000
501e51220: 00000000 00000000 00000000 00000000
501e51230: 00000000 00000000 00000000 00000000
501e51240: 00000000 00000000 00000000 00000000
501e51250: 00000000 00000000 00000000 00000000
501e51260: 00000000 00000000 00000000 00000000
501e51270: 00000000 00000000 00000000 00000000
501e51280: 00000000 00000000 00000000 00000000
501e51290: 00000000 00000000 00000000 00000000
501e512a0: 00000000 00000000 00000000 00000000
501e512b0: 00000000 00000000 00000000 00000000
501e512c0: 00000000 00000000 00000000 00000000
501e512d0: 00000000 00000000 00000000 00000000
501e512e0: 00000000 00000000 00000000 00000000
501e512f0: 00000000 00000000 00000000 00000000
501e51300: 00000000 00000000 00000000 00000000
501e51310: 00000000 00000000 00000000 00000000
501e51320: 00000000 00000000 00000000 00000000
501e51330: 00000000 00000000 00000000 00000000
501e51340: 00000000 00000000 00000000 00000000
501e51350: 00000000 00000000 00000000 00000000
501e51360: 00000000 00000000 00000000 00000000
501e51370: 00000000 00000000 00000000 00000000
501e51380: 00000000 00000000 00000000 00000000
501e51390: 00000000 00000000 00000000 00000000
501e513a0: 00000000 00000000 00000000 00000000
501e513b0: 00000000 00000000 00000000 00000000
501e513c0: 00000000 00000000 00000000 00000000
501e513d0: 00000000 00000000 00000000 00000000
501e513e0: 00000000 00000000 00000000 00000000
501e513f0: 00000000 00000000 00000000 00000000
501e51400: 00000000 00000000 00000000 00000000
501e51410: 00000000 00000000 00000000 00000000
501e51420: 00000000 00000000 00000000 00000000
501e51430: 00000000 00000000 00000000 00000000
501e51440: 00000000 00000000 00000000 00000000
501e51450: 00000000 00000000 00000000 00000000
501e51460: 00000000 00000000 00000000 00000000
501e51470: 00000000 00000000 00000000 00000000
501e51480: 00000000 00000000 00000000 00000000
501e51490: 00000000 00000000 00000000 00000000
501e514a0: 00000000 00000000 00000000 00000000
501e514b0: 00000000 00000000 00000000 00000000
501e514c0: 00000000 00000000 00000000 00000000
501e514d0: 00000000 00000000 00000000 00000000
501e514e0: 00000000 00000000 00000000 00000000
501e514f0: 00000000 00000000 00000000 00000000
501e51500: 00000000 00000000 00000000 00000000
501e51510: 00000000 00000000 00000000 00000000
501e51520: 00000000 00000000 00000000 00000000
501e51530: 00000000 00000000 00000000 00000000
501e51540: 00000000 00000000 00000000 00000000
501e51550: 00000000 00000000 00000000 00000000
501e51560: 00000000 00000000 00000000 00000000
501e51570: 00000000 00000000 00000000 00000000
501e51580: 00000000 00000000 00000000 00000000
501e51590: 00000000 00000000 00000000 00000000
501e515a0: 00000000 00000000 00000000 00000000
501e515b0: 00000000 00000000 00000000 00000000
501e515c0: 00000000 00000000 00000000 00000000
501e515d0: 00000000 00000000 00000000 00000000
501e515e0: 00000000 00000000 00000000 00000000
501e515f0: 00000000 00000000 00000000 00000000
501e51600: 00000000 00000000 00000000 00000000
501e51610: 00000000 00000000 00000000 00000000
501e51620: 00000000 00000000 00000000 00000000
501e51630: 00000000 00000000 00000000 00000000
501e51640: 00000000 00000000 00000000 00000000
501e51650: 00000000 00000000 00000000 00000000
501e51660: 00000000 00000000 00000000 00000000
501e51670: 00000000 00000000 00000000 00000000
501e51680: 00000000 00000000 00000000 00000000
501e51690: 00000000 00000000 00000000 00000000
501e516a0: 00000000 00000000 00000000 00000000
501e516b0: 00000000 00000000 00000000 00000000
501e516c0: 00000000 00000000 00000000 00000000
501e516d0: 00000000 00000000 00000000 00000000
501e516e0: 00000000 00000000 00000000 00000000
501e516f0: 00000000 00000000 00000000 00000000
501e51700: 00000000 00000000 00000000 00000000
501e51710: 00000000 00000000 00000000 00000000
501e51720: 00000000 00000000 00000000 00000000
501e51730: 00000000 00000000 00000000 00000000
501e51740: 00000000 00000000 00000000 00000000
501e51750: 00000000 00000000 00000000 00000000
501e51760: 00000000 00000000 00000000 00000000
501e51770: 00000000 00000000 00000000 00000000
501e51780: 00000000 00000000 00000000 00000000
501e51790: 00000000 00000000 00000000 00000000
501e517a0: 00000000 00000000 00000000 00000000
501e517b0: 00000000 00000000 00000000 00000000
501e517c0: 00000000 00000000 00000000 00000000
501e517d0: 00000000 00000000 00000000 00000000
501e517e0: 00000000 00000000 00000000 00000000
501e517f0: 00000000 00000000 00000000 00000000
501e51800: 00000000 00000000 00000000 00000000
501e51810: 00000000 00000000 00000000 00000000
501e51820: 00000000 00000000 00000000 00000000
501e51830: 00000000 00000000 00000000 00000000
501e51840: 00000000 00000000 00000000 00000000
501e51850: 00000000 00000000 00000000 00000000
501e51860: 00000000 00000000 00000000 00000000
501e51870: 00000000 00000000 00000000 00000000
501e51880: 00000000 00000000 00000000 00000000
501e51890: 00000000 00000000 00000000 00000000
501e518a0: 00000000 00000000 00000000 00000000
501e518b0: 00000000 00000000 00000000 00000000
501e518c0: 00000000 00000000 00000000 00000000
501e518d0: 00000000 00000000 00000000 00000000
501e518e0: 00000000 00000000 00000000 00000000
501e518f0: 00000000 00000000 00000000 00000000
501e51900: 00000000 00000000 00000000 00000000
501e51910: 00000000 00000000 00000000 00000000
501e51920: 00000000 00000000 00000000 00000000
501e51930: 00000000 00000000 00000000 00000000
501e51940: 00000000 00000000 00000000 00000000
501e51950: 00000000 00000000 00000000 00000000
501e51960: 00000000 00000000 00000000 00000000
501e51970: 00000000 00000000 00000000 00000000
501e51980: 00000000 00000000 00000000 00000000
501e51990: 00000000 00000000 00000000 00000000
501e519a0: 00000000 00000000 00000000 00000000
501e519b0: 00000000 00000000 00000000 00000000
501e519c0: 00000000 00000000 00000000 00000000
501e519d0: 00000000 00000000 00000000 00000000
501e519e0: 00000000 00000000 00000000 00000000
501e519f0: 00000000 00000000 00000000 00000000
501e51a00: 00000000 00000000 00000000 00000000
501e51a10: 00000000 00000000 00000000 00000000
501e51a20: 00000000 00000000 00000000 00000000
501e51a30: 00000000 00000000 00000000 00000000
501e51a40: 00000000 00000000 00000000 00000000
501e51a50: 00000000 00000000 00000000 00000000
501e51a60: 00000000 00000000 00000000 00000000
501e51a70: 00000000 00000000 00000000 00000000
501e51a80: 00000000 00000000 00000000 00000000
501e51a90: 00000000 00000000 00000000 00000000
501e51aa0: 00000000 00000000 00000000 00000000
501e51ab0: 00000000 00000000 00000000 00000000
501e51ac0: 00000000 00000000 00000000 00000000
501e51ad0: 00000000 00000000 00000000 00000000
501e51ae0: 00000000 00000000 00000000 00000000
501e51af0: 00000000 00000000 00000000 00000000
501e51b00: 00000000 00000000 00000000 00000000
501e51b10: 00000000 00000000 00000000 00000000
501e51b20: 00000000 00000000 00000000 00000000
501e51b30: 00000000 00000000 00000000 00000000
501e51b40: 00000000 00000000 00000000 00000000
501e51b50: 00000000 00000000 00000000 00000000
501e51b60: 00000000 00000000 00000000 00000000
501e51b70: 00000000 00000000 00000000 00000000
501e51b80: 00000000 00000000 00000000 00000000
501e51b90: 00000000 00000000 00000000 00000000
501e51ba0: 00000000 00000000 00000000 00000000
501e51bb0: 00000000 00000000 00000000 00000000
501e51bc0: 00000000 00000000 00000000 00000000
501e51bd0: 00000000 00000000 00000000 00000000
501e51be0: 00000000 00000000 00000000 00000000
501e51bf0: 00000000 00000000 00000000 00000000
501e51c00: 00000000 00000000 00000000 00000000
501e51c10: 00000000 00000000 00000000 00000000
501e51c20: 00000000 00000000 00000000 00000000
501e51c30: 00000000 00000000 00000000 00000000
501e51c40: 00000000 00000000 00000000 00000000
501e51c50: 00000000 00000000 00000000 00000000
501e51c60: 00000000 00000000 00000000 00000000
501e51c70: 00000000 00000000 00000000 00000000
501e51c80: 00000000 00000000 00000000 00000000
501e51c90: 00000000 00000000 00000000 00000000
501e51ca0: 00000000 00000000 00000000 00000000
501e51cb0: 00000000 00000000 00000000 00000000
501e51cc0: 00000000 00000000 00000000 00000000
501e51cd0: 00000000 00000000 00000000 00000000
501e51ce0: 00000000 00000000 00000000 00000000
501e51cf0: 00000000 00000000 00000000 00000000
501e51d00: 00000000 00000000 00000000 00000000
501e51d10: 00000000 00000000 00000000 00000000
501e51d20: 00000000 00000000 00000000 00000000
501e51d30: 00000000 00000000 00000000 00000000
501e51d40: 00000000 00000000 00000000 00000000
501e51d50: 00000000 00000000 00000000 00000000
501e51d60: 00000000 00000000 00000000 00000000
501e51d70: 00000000 00000000 00000000 00000000
501e51d80: 00000000 00000000 00000000 00000000
501e51d90: 00000000 00000000 00000000 00000000
501e51da0: 00000000 00000000 00000000 00000000
501e51db0: 00000000 00000000 00000000 00000000
501e51dc0: 00000000 00000000 00000000 00000000
501e51dd0: 00000000 00000000 00000000 00000000
501e51de0: 00000000 00000000 00000000 00000000
501e51df0: 00000000 00000000 00000000 00000000
501e51e00: 00000000 00000000 00000000 00000000
501e51e10: 00000000 00000000 00000000 00000000
501e51e20: 00000000 00000000 00000000 00000000
501e51e30: 00000000 00000000 00000000 00000000
501e51e40: 00000000 00000000 00000000 00000000
501e51e50: 00000000 00000000 00000000 00000000
501e51e60: 00000000 00000000 00000000 00000000
501e51e70: 00000000 00000000 00000000 00000000
501e51e80: 00000000 00000000 00000000 00000000
501e51e90: 00000000 00000000 00000000 00000000
501e51ea0: 00000000 00000000 00000000 00000000
501e51eb0: 00000000 00000000 00000000 00000000
501e51ec0: 00000000 00000000 00000000 00000000
501e51ed0: 00000000 00000000 00000000 00000000
501e51ee0: 00000000 00000000 00000000 00000000
501e51ef0: 00000000 00000000 00000000 00000000
501e51f00: 00000000 00000000 00000000 00000000
501e51f10: 00000000 00000000 00000000 00000000
501e51f20: 00000000 00000000 00000000 00000000
501e51f30: 00000000 00000000 00000000 00000000
501e51f40: 00000000 00000000 00000000 00000000
501e51f50: 00000000 00000000 00000000 00000000
501e51f60: 00000000 00000000 00000000 00000000
501e51f70: 00000000 00000000 00000000 00000000
501e51f80: 00000000 00000000 00000000 00000000
501e51f90: 00000000 00000000 00000000 00000000
501e51fa0: 00000000 00000000 00000000 00000000
501e51fb0: 00000000 00000000 00000000 00000000
501e51fc0: 00000000 00000000 00000000 00000000
501e51fd0: 00000000 00000000 00000000 00000000
501e51fe0: 00000000 00000000 00000000 00000000
501e51ff0: 00000000 00000000 00000000 00000000
501e52000: 00000000 00000000 00000000 00000000
501e52010: 00000000 00000000 00000000 00000000
501e52020: 00000000 00000000 00000000 00000000
501e52030: 00000000 00000000 00000000 00000000
501e52040: 00000000 00000000 00000000 00000000
501e52050: 00000000 00000000 00000000 00000000
501e52060: 00000000 00000000 00000000 00000000
501e52070: 00000000 00000000 00000000 00000000
501e52080: 00000000 00000000 00000000 00000000
501e52090: 00000000 00000000 00000000 00000000
501e520a0: 00000000 00000000 00000000 00000000
501e520b0: 00000000 00000000 00000000 00000000
501e520c0: 00000000 00000000 00000000 00000000
501e520d0: 00000000 00000000 00000000 00000000
501e520e0: 00000000 00000000 00000000 00000000
501e520f0: 00000000 00000000 00000000 00000000
501e52100: 00000000 00000000 00000000 00000000
501e52110: 00000000 00000000 00000000 00000000
501e52120: 00000000 00000000 00000000 00000000
501e52130: 00000000 00000000 00000000 00000000
501e52140: 00000000 00000000 00000000 00000000
501e52150: 00000000 00000000 00000000 00000000
501e52160: 00000000 00000000 00000000 00000000
501e52170: 00000000 00000000 00000000 00000000
501e52180: 00000000 00000000 00000000 00000000
501e52190: 00000000 00000000 00000000 00000000
501e521a0: 00000000 00000000 00000000 00000000
501e521b0: 00000000 00000000 00000000 00000000
501e521c0: 00000000 00000000 00000000 00000000
501e521d0: 00000000 00000000 00000000 00000000
501e521e0: 00000000 00000000 00000000 00000000
501e521f0: 00000000 00000000 00000000 00000000
501e52200: 00000000 00000000 00000000 00000000
501e52210: 00000000 00000000 00000000 00000000
501e52220: 00000000 00000000 00000000 00000000
501e52230: 00000000 00000000 00000000 00000000
501e52240: 00000000 00000000 00000000 00000000
501e52250: 00000000 00000000 00000000 00000000
501e52260: 00000000 00000000 00000000 00000000
501e52270: 00000000 00000000 00000000 00000000
501e52280: 00000000 00000000 00000000 00000000
501e52290: 00000000 00000000 00000000 00000000
501e522a0: 00000000 00000000 00000000 00000000
501e522b0: 00000000 00000000 00000000 00000000
501e522c0: 00000000 00000000 00000000 00000000
501e522d0: 00000000 00000000 00000000 00000000
501e522e0: 00000000 00000000 00000000 00000000
501e522f0: 00000000 00000000 00000000 00000000
501e52300: 00000000 00000000 00000000 00000000
501e52310: 00000000 00000000 00000000 00000000
501e52320: 00000000 00000000 00000000 00000000
501e52330: 00000000 00000000 00000000 00000000
501e52340: 00000000 00000000 00000000 00000000
501e52350: 00000000 00000000 00000000 00000000
501e52360: 00000000 00000000 00000000 00000000
501e52370: 00000000 00000000 00000000 00000000
501e52380: 00000000 00000000 00000000 00000000
501e52390: 00000000 00000000 00000000 00000000
501e523a0: 00000000 00000000 00000000 00000000
501e523b0: 00000000 00000000 00000000 00000000
501e523c0: 00000000 00000000 00000000 00000000
501e523d0: 00000000 00000000 00000000 00000000
501e523e0: 00000000 00000000 00000000 00000000
501e523f0: 00000000 00000000 00000000 00000000
501e52400: 00000000 00000000 00000000 00000000
501e52410: 00000000 00000000 00000000 00000000
501e52420: 00000000 00000000 00000000 00000000
501e52430: 00000000 00000000 00000000 00000000
501e52440: 00000000 00000000 00000000 00000000
501e52450: 00000000 00000000 00000000 00000000
501e52460: 00000000 00000000 00000000 00000000
501e52470: 00000000 00000000 00000000 00000000
501e52480: 00000000 00000000 00000000 00000000
501e52490: 00000000 00000000 00000000 00000000
501e524a0: 00000000 00000000 00000000 00000000
501e524b0: 00000000 00000000 00000000 00000000
501e524c0: 00000000 00000000 00000000 00000000
501e524d0: 00000000 00000000 00000000 00000000
501e524e0: 00000000 00000000 00000000 00000000
501e524f0: 00000000 00000000 00000000 00000000
501e52500: 00000000 00000000 00000000 00000000
501e52510: 00000000 00000000 00000000 00000000
501e52520: 00000000 00000000 00000000 00000000
501e52530: 00000000 00000000 00000000 00000000
501e52540: 00000000 00000000 00000000 00000000
501e52550: 00000000 00000000 00000000 00000000
501e52560: 00000000 00000000 00000000 00000000
501e52570: 00000000 00000000 00000000 00000000
501e52580: 00000000 00000000 00000000 00000000
501e52590: 00000000 00000000 00000000 00000000
501e525a0: 00000000 00000000 00000000 00000000
501e525b0: 00000000 00000000 00000000 00000000
501e525c0: 00000000 00000000 00000000 00000000
501e525d0: 00000000 00000000 00000000 00000000
501e525e0: 00000000 00000000 00000000 00000000
501e525f0: 00000000 00000000 00000000 00000000
501e52600: 00000000 00000000 00000000 00000000
501e52610: 00000000 00000000 00000000 00000000
501e52620: 00000000 00000000 00000000 00000000
501e52630: 00000000 00000000 00000000 00000000
501e52640: 00000000 00000000 00000000 00000000
501e52650: 00000000 00000000 00000000 00000000
501e52660: 00000000 00000000 00000000 00000000
501e52670: 00000000 00000000 00000000 00000000
501e52680: 00000000 00000000 00000000 00000000
501e52690: 00000000 00000000 00000000 00000000
501e526a0: 00000000 00000000 00000000 00000000
501e526b0: 00000000 00000000 00000000 00000000
501e526c0: 00000000 00000000 00000000 00000000
501e526d0: 00000000 00000000 00000000 00000000
501e526e0: 00000000 00000000 00000000 00000000
501e526f0: 00000000 00000000 00000000 00000000
501e52700: 00000000 00000000 00000000 00000000
501e52710: 00000000 00000000 00000000 00000000
501e52720: 00000000 00000000 00000000 00000000
501e52730: 00000000 00000000 00000000 00000000
501e52740: 00000000 00000000 00000000 00000000
501e52750: 00000000 00000000 00000000 00000000
501e52760: 00000000 00000000 00000000 00000000
501e52770: 00000000 00000000 00000000 00000000
501e52780: 00000000 00000000 00000000 00000000
501e52790: 00000000 00000000 00000000 00000000
501e527a0: 00000000 00000000 00000000 00000000
501e527b0: 00000000 00000000 00000000 00000000
501e527c0: 00000000 00000000 00000000 00000000
501e527d0: 00000000 00000000 00000000 00000000
501e527e0: 00000000 00000000 00000000 00000000
501e527f0: 00000000 00000000 00000000 00000000
501e52800: 00000000 00000000 00000000 00000000
501e52810: 00000000 00000000 00000000 00000000
501e52820: 00000000 00000000 00000000 00000000
501e52830: 00000000 00000000 00000000 00000000
501e52840: 00000000 00000000 00000000 00000000
501e52850: 00000000 00000000 00000000 00000000
501e52860: 00000000 00000000 00000000 00000000
501e52870: 00000000 00000000 00000000 00000000
501e52880: 00000000 00000000 00000000 00000000
501e52890: 00000000 00000000 00000000 00000000
501e528a0: 00000000 00000000 00000000 00000000
501e528b0: 00000000 00000000 00000000 00000000
501e528c0: 00000000 00000000 00000000 00000000
501e528d0: 00000000 00000000 00000000 00000000
501e528e0: 00000000 00000000 00000000 00000000
501e528f0: 00000000 00000000 00000000 00000000
501e52900: 00000000 00000000 00000000 00000000
501e52910: 00000000 00000000 00000000 00000000
501e52920: 00000000 00000000 00000000 00000000
501e52930: 00000000 00000000 00000000 00000000
501e52940: 00000000 00000000 00000000 00000000
501e52950: 00000000 00000000 00000000 00000000
501e52960: 00000000 00000000 00000000 00000000
501e52970: 00000000 00000000 00000000 00000000
501e52980: 00000000 00000000 00000000 00000000
501e52990: 00000000 00000000 00000000 00000000
501e529a0: 00000000 00000000 00000000 00000000
501e529b0: 00000000 00000000 00000000 00000000
501e529c0: 00000000 00000000 00000000 00000000
501e529d0: 00000000 00000000 00000000 00000000
501e529e0: 00000000 00000000 00000000 00000000
501e529f0: 00000000 00000000 00000000 00000000
501e52a00: 00000000 00000000 00000000 00000000
501e52a10: 00000000 00000000 00000000 00000000
501e52a20: 00000000 00000000 00000000 00000000
501e52a30: 00000000 00000000 00000000 00000000
501e52a40: 00000000 00000000 00000000 00000000
501e52a50: 00000000 00000000 00000000 00000000
501e52a60: 00000000 00000000 00000000 00000000
501e52a70: 00000000 00000000 00000000 00000000
501e52a80: 00000000 00000000 00000000 00000000
501e52a90: 00000000 00000000 00000000 00000000
501e52aa0: 00000000 00000000 00000000 00000000
501e52ab0: 00000000 00000000 00000000 00000000
501e52ac0: 00000000 00000000 00000000 00000000
501e52ad0: 00000000 00000000 00000000 00000000
501e52ae0: 00000000 00000000 00000000 00000000
501e52af0: 00000000 00000000 00000000 00000000
501e52b00: 00000000 00000000 00000000 00000000
501e52b10: 00000000 00000000 00000000 00000000
501e52b20: 00000000 00000000 00000000 00000000
501e52b30: 00000000 00000000 00000000 00000000
501e52b40: 00000000 00000000 00000000 00000000
501e52b50: 00000000 00000000 00000000 00000000
501e52b60: 00000000 00000000 00000000 00000000
501e52b70: 00000000 00000000 00000000 00000000
501e52b80: 00000000 00000000 00000000 00000000
501e52b90: 00000000 00000000 00000000 00000000
501e52ba0: 00000000 00000000 00000000 00000000
501e52bb0: 00000000 00000000 00000000 00000000
501e52bc0: 00000000 00000000 00000000 00000000
501e52bd0: 00000000 00000000 00000000 00000000
501e52be0: 00000000 00000000 00000000 00000000
501e52bf0: 00000000 00000000 00000000 00000000
501e52c00: 00000000 00000000 00000000 00000000
501e52c10: 00000000 00000000 00000000 00000000
501e52c20: 00000000 00000000 00000000 00000000
501e52c30: 00000000 00000000 00000000 00000000
501e52c40: 00000000 00000000 00000000 00000000
501e52c50: 00000000 00000000 00000000 00000000
501e52c60: 00000000 00000000 00000000 00000000
501e52c70: 00000000 00000000 00000000 00000000
501e52c80: 00000000 00000000 00000000 00000000
501e52c90: 00000000 00000000 00000000 00000000
501e52ca0: 00000000 00000000 00000000 00000000
501e52cb0: 00000000 00000000 00000000 00000000
501e52cc0: 00000000 00000000 00000000 00000000
501e52cd0: 00000000 00000000 00000000 00000000
501e52ce0: 00000000 00000000 00000000 00000000
501e52cf0: 00000000 00000000 00000000 00000000
501e52d00: 00000000 00000000 00000000 00000000
501e52d10: 00000000 00000000 00000000 00000000
501e52d20: 00000000 00000000 00000000 00000000
501e52d30: 00000000 00000000 00000000 00000000
501e52d40: 00000000 00000000 00000000 00000000
501e52d50: 00000000 00000000 00000000 00000000
501e52d60: 00000000 00000000 00000000 00000000
501e52d70: 00000000 00000000 00000000 00000000
501e52d80: 00000000 00000000 00000000 00000000
501e52d90: 00000000 00000000 00000000 00000000
501e52da0: 00000000 00000000 00000000 00000000
501e52db0: 00000000 00000000 00000000 00000000
501e52dc0: 00000000 00000000 00000000 00000000
501e52dd0: 00000000 00000000 00000000 00000000
501e52de0: 00000000 00000000 00000000 00000000
501e52df0: 00000000 00000000 00000000 00000000
501e52e00: 00000000 00000000 00000000 00000000
501e52e10: 00000000 00000000 00000000 00000000
501e52e20: 00000000 00000000 00000000 00000000
501e52e30: 00000000 00000000 00000000 00000000
501e52e40: 00000000 00000000 00000000 00000000
501e52e50: 00000000 00000000 00000000 00000000
501e52e60: 00000000 00000000 00000000 00000000
501e52e70: 00000000 00000000 00000000 00000000
501e52e80: 00000000 00000000 00000000 00000000
501e52e90: 00000000 00000000 00000000 00000000
501e52ea0: 00000000 00000000 00000000 00000000
501e52eb0: 00000000 00000000 00000000 00000000
501e52ec0: 00000000 00000000 00000000 00000000
501e52ed0: 00000000 00000000 00000000 00000000
501e52ee0: 00000000 00000000 00000000 00000000
501e52ef0: 00000000 00000000 00000000 00000000
501e52f00: 00000000 00000000 00000000 00000000
501e52f10: 00000000 00000000 00000000 00000000
501e52f20: 00000000 00000000 00000000 00000000
501e52f30: 00000000 00000000 00000000 00000000
501e52f40: 00000000 00000000 00000000 00000000
501e52f50: 00000000 00000000 00000000 00000000
501e52f60: 00000000 00000000 00000000 00000000
501e52f70: 00000000 00000000 00000000 00000000
501e52f80: 00000000 00000000 00000000 00000000
501e52f90: 00000000 00000000 00000000 00000000
501e52fa0: 00000000 00000000 00000000 00000000
501e52fb0: 00000000 00000000 00000000 00000000
501e52fc0: 00000000 00000000 00000000 00000000
501e52fd0: 00000000 00000000 00000000 00000000
501e52fe0: 00000000 00000000 00000000 00000000
501e52ff0: 00000000 00000000 00000000 00000000
501e53000: 00000000 00000000 00000000 00000000
501e53010: 00000000 00000000 00000000 00000000
501e53020: 00000000 00000000 00000000 00000000
501e53030: 00000000 00000000 00000000 00000000
501e53040: 00000000 00000000 00000000 00000000
501e53050: 00000000 00000000 00000000 00000000
501e53060: 00000000 00000000 00000000 00000000
501e53070: 00000000 00000000 00000000 00000000
501e53080: 00000000 00000000 00000000 00000000
501e53090: 00000000 00000000 00000000 00000000
501e530a0: 00000000 00000000 00000000 00000000
501e530b0: 00000000 00000000 00000000 00000000
501e530c0: 00000000 00000000 00000000 00000000
501e530d0: 00000000 00000000 00000000 00000000
501e530e0: 00000000 00000000 00000000 00000000
501e530f0: 00000000 00000000 00000000 00000000
501e53100: 00000000 00000000 00000000 00000000
501e53110: 00000000 00000000 00000000 00000000
501e53120: 00000000 00000000 00000000 00000000
501e53130: 00000000 00000000 00000000 00000000
501e53140: 00000000 00000000 00000000 00000000
501e53150: 00000000 00000000 00000000 00000000
501e53160: 00000000 00000000 00000000 00000000
501e53170: 00000000 00000000 00000000 00000000
501e53180: 00000000 00000000 00000000 00000000
501e53190: 00000000 00000000 00000000 00000000
501e531a0: 00000000 00000000 00000000 00000000
501e531b0: 00000000 00000000 00000000 00000000
501e531c0: 00000000 00000000 00000000 00000000
501e531d0: 00000000 00000000 00000000 00000000
501e531e0: 00000000 00000000 00000000 00000000
501e531f0: 00000000 00000000 00000000 00000000
501e53200: 00000000 00000000 00000000 00000000
501e53210: 00000000 00000000 00000000 00000000
501e53220: 00000000 00000000 00000000 00000000
501e53230: 00000000 00000000 00000000 00000000
501e53240: 00000000 00000000 00000000 00000000
501e53250: 00000000 00000000 00000000 00000000
501e53260: 00000000 00000000 00000000 00000000
501e53270: 00000000 00000000 00000000 00000000
501e53280: 00000000 00000000 00000000 00000000
501e53290: 00000000 00000000 00000000 00000000
501e532a0: 00000000 00000000 00000000 00000000
501e532b0: 00000000 00000000 00000000 00000000
501e532c0: 00000000 00000000 00000000 00000000
501e532d0: 00000000 00000000 00000000 00000000
501e532e0: 00000000 00000000 00000000 00000000
501e532f0: 00000000 00000000 00000000 00000000
501e53300: 00000000 00000000 00000000 00000000
501e53310: 00000000 00000000 00000000 00000000
501e53320: 00000000 00000000 00000000 00000000
501e53330: 00000000 00000000 00000000 00000000
501e53340: 00000000 00000000 00000000 00000000
501e53350: 00000000 00000000 00000000 00000000
501e53360: 00000000 00000000 00000000 00000000
501e53370: 00000000 00000000 00000000 00000000
501e53380: 00000000 00000000 00000000 00000000
501e53390: 00000000 00000000 00000000 00000000
501e533a0: 00000000 00000000 00000000 00000000
501e533b0: 00000000 00000000 00000000 00000000
501e533c0: 00000000 00000000 00000000 00000000
501e533d0: 00000000 00000000 00000000 00000000
501e533e0: 00000000 00000000 00000000 00000000
501e533f0: 00000000 00000000 00000000 00000000
501e53400: 00000000 00000000 00000000 00000000
501e53410: 00000000 00000000 00000000 00000000
501e53420: 00000000 00000000 00000000 00000000
501e53430: 00000000 00000000 00000000 00000000
501e53440: 00000000 00000000 00000000 00000000
501e53450: 00000000 00000000 00000000 00000000
501e53460: 00000000 00000000 00000000 00000000
501e53470: 00000000 00000000 00000000 00000000
501e53480: 00000000 00000000 00000000 00000000
501e53490: 00000000 00000000 00000000 00000000
501e534a0: 00000000 00000000 00000000 00000000
501e534b0: 00000000 00000000 00000000 00000000
501e534c0: 00000000 00000000 00000000 00000000
501e534d0: 00000000 00000000 00000000 00000000
501e534e0: 00000000 00000000 00000000 00000000
501e534f0: 00000000 00000000 00000000 00000000
501e53500: 00000000 00000000 00000000 00000000
501e53510: 00000000 00000000 00000000 00000000
501e53520: 00000000 00000000 00000000 00000000
501e53530: 00000000 00000000 00000000 00000000
501e53540: 00000000 00000000 00000000 00000000
501e53550: 00000000 00000000 00000000 00000000
501e53560: 00000000 00000000 00000000 00000000
501e53570: 00000000 00000000 00000000 00000000
501e53580: 00000000 00000000 00000000 00000000
501e53590: 00000000 00000000 00000000 00000000
501e535a0: 00000000 00000000 00000000 00000000
501e535b0: 00000000 00000000 00000000 00000000
501e535c0: 00000000 00000000 00000000 00000000
501e535d0: 00000000 00000000 00000000 00000000
501e535e0: 00000000 00000000 00000000 00000000
501e535f0: 00000000 00000000 00000000 00000000
501e53600: 00000000 00000000 00000000 00000000
501e53610: 00000000 00000000 00000000 00000000
501e53620: 00000000 00000000 00000000 00000000
501e53630: 00000000 00000000 00000000 00000000
501e53640: 00000000 00000000 00000000 00000000
501e53650: 00000000 00000000 00000000 00000000
501e53660: 00000000 00000000 00000000 00000000
501e53670: 00000000 00000000 00000000 00000000
501e53680: 00000000 00000000 00000000 00000000
501e53690: 00000000 00000000 00000000 00000000
501e536a0: 00000000 00000000 00000000 00000000
501e536b0: 00000000 00000000 00000000 00000000
501e536c0: 00000000 00000000 00000000 00000000
501e536d0: 00000000 00000000 00000000 00000000
501e536e0: 00000000 00000000 00000000 00000000
501e536f0: 00000000 00000000 00000000 00000000
501e53700: 00000000 00000000 00000000 00000000
501e53710: 00000000 00000000 00000000 00000000
501e53720: 00000000 00000000 00000000 00000000
501e53730: 00000000 00000000 00000000 00000000
501e53740: 00000000 00000000 00000000 00000000
501e53750: 00000000 00000000 00000000 00000000
501e53760: 00000000 00000000 00000000 00000000
501e53770: 00000000 00000000 00000000 00000000
501e53780: 00000000 00000000 00000000 00000000
501e53790: 00000000 00000000 00000000 00000000
501e537a0: 00000000 00000000 00000000 00000000
501e537b0: 00000000 00000000 00000000 00000000
501e537c0: 00000000 00000000 00000000 00000000
501e537d0: 00000000 00000000 00000000 00000000
501e537e0: 00000000 00000000 00000000 00000000
501e537f0: 00000000 00000000 00000000 00000000
501e53800: 00000000 00000000 00000000 00000000
501e53810: 00000000 00000000 00000000 00000000
501e53820: 00000000 00000000 00000000 00000000
501e53830: 00000000 00000000 00000000 00000000
501e53840: 00000000 00000000 00000000 00000000
501e53850: 00000000 00000000 00000000 00000000
501e53860: 00000000 00000000 00000000 00000000
501e53870: 00000000 00000000 00000000 00000000
501e53880: 00000000 00000000 00000000 00000000
501e53890: 00000000 00000000 00000000 00000000
501e538a0: 00000000 00000000 00000000 00000000
501e538b0: 00000000 00000000 00000000 00000000
501e538c0: 00000000 00000000 00000000 00000000
501e538d0: 00000000 00000000 00000000 00000000
501e538e0: 00000000 00000000 00000000 00000000
501e538f0: 00000000 00000000 00000000 00000000
501e53900: 00000000 00000000 00000000 00000000
501e53910: 00000000 00000000 00000000 00000000
501e53920: 00000000 00000000 00000000 00000000
501e53930: 00000000 00000000 00000000 00000000
501e53940: 00000000 00000000 00000000 00000000
501e53950: 00000000 00000000 00000000 00000000
501e53960: 00000000 00000000 00000000 00000000
501e53970: 00000000 00000000 00000000 00000000
501e53980: 00000000 00000000 00000000 00000000
501e53990: 00000000 00000000 00000000 00000000
501e539a0: 00000000 00000000 00000000 00000000
501e539b0: 00000000 00000000 00000000 00000000
501e539c0: 00000000 00000000 00000000 00000000
501e539d0: 00000000 00000000 00000000 00000000
501e539e0: 00000000 00000000 00000000 00000000
501e539f0: 00000000 00000000 00000000 00000000
501e53a00: 00000000 00000000 00000000 00000000
501e53a10: 00000000 00000000 00000000 00000000
501e53a20: 00000000 00000000 00000000 00000000
501e53a30: 00000000 00000000 00000000 00000000
501e53a40: 00000000 00000000 00000000 00000000
501e53a50: 00000000 00000000 00000000 00000000
501e53a60: 00000000 00000000 00000000 00000000
501e53a70: 00000000 00000000 00000000 00000000
501e53a80: 00000000 00000000 00000000 00000000
501e53a90: 00000000 00000000 00000000 00000000
501e53aa0: 00000000 00000000 00000000 00000000
501e53ab0: 00000000 00000000 00000000 00000000
501e53ac0: 00000000 00000000 00000000 00000000
501e53ad0: 00000000 00000000 00000000 00000000
501e53ae0: 00000000 00000000 00000000 00000000
501e53af0: 00000000 00000000 00000000 00000000
501e53b00: 00000000 00000000 00000000 00000000
501e53b10: 00000000 00000000 00000000 00000000
501e53b20: 00000000 00000000 00000000 00000000
501e53b30: 00000000 00000000 00000000 00000000
501e53b40: 00000000 00000000 00000000 00000000
501e53b50: 00000000 00000000 00000000 00000000
501e53b60: 00000000 00000000 00000000 00000000
501e53b70: 00000000 00000000 00000000 00000000
501e53b80: 00000000 00000000 00000000 00000000
501e53b90: 00000000 00000000 00000000 00000000
501e53ba0: 00000000 00000000 00000000 00000000
501e53bb0: 00000000 00000000 00000000 00000000
501e53bc0: 00000000 00000000 00000000 00000000
501e53bd0: 00000000 00000000 00000000 00000000
501e53be0: 00000000 00000000 00000000 00000000
501e53bf0: 00000000 00000000 00000000 00000000
501e53c00: 00000000 00000000 00000000 00000000
501e53c10: 00000000 00000000 00000000 00000000
501e53c20: 00000000 00000000 00000000 00000000
501e53c30: 00000000 00000000 00000000 00000000
501e53c40: 00000000 00000000 00000000 00000000
501e53c50: 00000000 00000000 00000000 00000000
501e53c60: 00000000 00000000 00000000 00000000
501e53c70: 00000000 00000000 00000000 00000000
501e53c80: 00000000 00000000 00000000 00000000
501e53c90: 00000000 00000000 00000000 00000000
501e53ca0: 00000000 00000000 00000000 00000000
501e53cb0: 00000000 00000000 00000000 00000000
501e53cc0: 00000000 00000000 00000000 00000000
501e53cd0: 00000000 00000000 00000000 00000000
501e53ce0: 00000000 00000000 00000000 00000000
501e53cf0: 00000000 00000000 00000000 00000000
501e53d00: 00000000 00000000 00000000 00000000
501e53d10: 00000000 00000000 00000000 00000000
501e53d20: 00000000 00000000 00000000 00000000
501e53d30: 00000000 00000000 00000000 00000000
501e53d40: 00000000 00000000 00000000 00000000
501e53d50: 00000000 00000000 00000000 00000000
501e53d60: 00000000 00000000 00000000 00000000
501e53d70: 00000000 00000000 00000000 00000000
501e53d80: 00000000 00000000 00000000 00000000
501e53d90: 00000000 00000000 00000000 00000000
501e53da0: 00000000 00000000 00000000 00000000
501e53db0: 00000000 00000000 00000000 00000000
501e53dc0: 00000000 00000000 00000000 00000000
501e53dd0: 00000000 00000000 00000000 00000000
501e53de0: 00000000 00000000 00000000 00000000
501e53df0: 00000000 00000000 00000000 00000000
501e53e00: 00000000 00000000 00000000 00000000
501e53e10: 00000000 00000000 00000000 00000000
501e53e20: 00000000 00000000 00000000 00000000
501e53e30: 00000000 00000000 00000000 00000000
501e53e40: 00000000 00000000 00000000 00000000
501e53e50: 00000000 00000000 00000000 00000000
501e53e60: 00000000 00000000 00000000 00000000
501e53e70: 00000000 00000000 00000000 00000000
501e53e80: 00000000 00000000 00000000 00000000
501e53e90: 00000000 00000000 00000000 00000000
501e53ea0: 00000000 00000000 00000000 00000000
501e53eb0: 00000000 00000000 00000000 00000000
501e53ec0: 00000000 00000000 00000000 00000000
501e53ed0: 00000000 00000000 00000000 00000000
501e53ee0: 00000000 00000000 00000000 00000000
501e53ef0: 00000000 00000000 00000000 00000000
501e53f00: 00000000 00000000 00000000 00000000
501e53f10: 00000000 00000000 00000000 00000000
501e53f20: 00000000 00000000 00000000 00000000
501e53f30: 00000000 00000000 00000000 00000000
501e53f40: 00000000 00000000 00000000 00000000
501e53f50: 00000000 00000000 00000000 00000000
501e53f60: 00000000 00000000 00000000 00000000
501e53f70: 00000000 00000000 00000000 00000000
501e53f80: 00000000 00000000 00000000 00000000
501e53f90: 00000000 00000000 00000000 00000000
501e53fa0: 00000000 00000000 00000000 00000000
501e53fb0: 00000000 00000000 00000000 00000000
501e53fc0: 00000000 00000000 00000000 00000000
501e53fd0: 00000000 00000000 00000000 00000000
501e53fe0: 00000000 00000000 00000000 00000000
501e53ff0: 00000000 00000000 00000000 00000000
